556300
4327064
6604114
6955032
9735502
11245259
12585461
12694682
12881079
13058771
16531729
16789552
17190585
19440892
20032388
20085823
20459832
20739193
22306516
22788533
24313867
26411402
26512764
27855621
29154293
29471166
30249819
30401168
30774934
31869569
32346780
32634956
34075629
34838862
34918144
36611193
36684811
38266841
40537178
41096744
41100806
42740400
43818087
45430439
46255599
47554038
48042256
49063412
49329069
56089446
56342463
57133812
59999604
67834079
69786356
70419925
70982397
71390619
72988834
73152541
74036310
74243042
75850361
76328936
77713821
78735291
82638106
82823592
82823706
83197559
83257648
84198247
84527282
87593688
87605986
88336520
88734514
90875887
91813038
95800354
96530788
99242342
99548637
100657695
101201479
101929267
103047262
107554536
110556178
110657912
114592570
114807987
116508257
116808490
117366305
118214920
120421822
121074237
121857338
122956715
time: 6.4e-05 seconds
