8383
13456
29606
34489
64095
74595
84083
99754
104184
147032
156999
173470
174089
180961
198011
198864
234054
254509
269465
298141
298802
302621
329373
374451
381664
386741
416795
421363
435795
456291
465737
466277
466696
482230
499317
500306
524209
528067
539929
546522
549794
566305
591308
623866
637313
638647
650347
681265
694069
704537
717101
718825
726196
737070
747143
767553
773807
775494
780158
798805
816063
838913
839628
845868
863649
866720
870725
876711
893578
901417
914936
925940
926439
933709
950323
954797
967752
983951
987682
993919
995227
1006739
1033334
1042870
1084530
1089175
1095765
1101827
1146975
1171165
1173687
1200556
1226244
1227915
1237296
1239377
1245726
1259224
1265786
1306143
1308796
1312881
1315973
1371586
1389564
1404099
1409075
1431781
1436415
1440235
1468997
1482616
1487100
1510449
1529394
1554104
1574632
1575389
1581707
1604674
1612992
1616998
1620320
1635957
1651442
1652199
1665304
1666901
1669140
1676613
1678629
1700484
1704397
1705036
1705679
1711321
1717858
1734860
1741141
1753890
1757711
1757768
1783107
1797414
1805835
1812653
1826526
1827348
1837078
1842538
1851820
1876200
1903944
1923151
1941207
1941660
1942507
1944646
1974303
1976791
1996623
2003895
2030047
2040705
2053290
2053558
2056784
2066367
2069684
2082198
2113066
2126887
2130424
2159664
2162822
2174533
2181883
2186390
2194109
2196314
2201159
2204408
2207463
2224489
2232460
2243588
2249355
2257290
2257329
2260254
2273416
2276689
2277016
2312146
2313360
2325066
2344385
2357759
2358781
2368219
2369356
2369392
2382054
2385662
2387061
2418654
2453132
2455080
2455903
2460673
2496970
2515071
2529893
2535552
2541612
2546591
2550243
2564417
2567954
2568174
2568792
2587645
2593442
2607827
2626258
2632120
2635850
2655584
2663063
2666941
2682403
2708537
2713972
2715589
2719443
2719484
2727468
2732327
2746613
2757342
2757783
2765285
2770577
2782822
2793893
2794911
2818054
2827602
2828882
2832306
2837810
2843480
2844741
2856980
2867348
2901281
2908414
2915477
2922725
2928233
2939383
2944862
2955032
2955176
2958068
2964905
3014501
3018500
3037457
3039873
3063288
3063365
3068786
3102072
3141417
3143865
3150473
3179861
3214945
3229826
3238670
3239097
3240355
3257630
3266316
3267803
3269430
3288597
3300004
3304847
3306827
3309599
3314627
3318113
3322489
3327819
3327971
3334477
3338835
3343151
3349232
3349343
3379321
3381131
3385317
3389302
3416067
3422143
3429300
3432578
3436835
3439131
3443536
3448804
3482454
3483401
3493348
3511522
3528486
3528757
3541211
3557706
3560934
3574160
3577927
3589077
3635244
3637945
3642442
3644650
3667476
3668157
3680287
3694111
3709228
3710478
3713784
3737017
3751975
3752409
3753957
3763079
3767252
3787790
3804879
3809248
3815576
3815777
3855338
3893947
3909608
3919752
3938819
3943814
3962337
3976444
3983709
3989933
3991401
4011983
4025840
4044542
4106961
4109042
4119772
4133489
4134961
4143294
4144830
4162189
4217057
4219093
4234388
4238175
4240548
4256477
4260286
4267660
4275301
4310613
4313692
4316017
4322802
4330148
4334477
4341912
4369627
4407526
4412132
4415951
4428943
4444720
4473279
4486041
4490820
4517699
4524099
4528490
4531382
4535698
4539939
4555425
4561381
4575302
4591492
4596639
4610991
4614348
4616422
4617267
4626116
4641383
4642791
4643523
4650007
4650775
4651390
4657173
4679202
4681821
4692442
4695047
4699456
4707952
4711337
4751617
4754521
4782478
4788219
4790781
4801318
4805575
4853434
4864319
4868640
4927814
4946611
4949692
4990821
5018383
5062466
5084626
5097697
5125098
5127624
5134208
5182490
5254381
5255675
5255811
5264844
5311997
5340546
5357430
5359632
5384043
5423772
5424224
5428699
5441389
5460931
5462946
5482164
5496839
5497154
5520816
5525463
5528945
5531311
5532095
5546685
5554882
5564501
5568388
5593055
5605571
5607089
5621527
5664382
5691403
5721352
5734684
5735106
5735563
5743432
5744769
5755318
5762741
5784525
5796951
5830813
5847611
5853354
5876320
5884851
5897864
5910394
5915279
5919394
5933040
5955674
5959833
5968536
5983945
6012355
6017716
6026473
6048736
6056574
6071171
6081328
6082794
6083409
6087428
6088845
6090682
6096572
6096593
6102172
6103500
6109915
6143444
6146812
6147075
6151594
6161030
6165726
6169665
6179155
6189999
6203478
6210087
6212817
6232523
6240640
6247918
6252358
6265241
6280280
6314015
6337798
6354024
6358593
6367959
6422802
6424525
6431706
6439145
6464646
6473242
6473665
6475392
6491551
6495550
6496274
6519336
6539406
6548455
6550894
6557296
6557894
6558865
6584508
6585836
6590057
6607714
6609446
6630598
6637764
6643953
6650220
6661930
6672170
6683823
6692317
6703411
6725057
6725279
6745099
6757263
6767630
6771158
6801559
6804053
6807835
6821926
6832030
6833608
6863084
6865821
6882005
6887650
6887874
6897639
6907474
6908015
6912518
6913052
6913807
6916514
6918510
6938216
6940966
6950489
7011186
7025191
7026863
7035951
7040464
7052446
7072752
7080574
7129460
7139945
7175576
7177581
7182298
7190631
7192005
7205968
7207175
7214243
7215982
7242319
7245160
7247202
7261209
7297939
7311141
7324550
7335924
7335956
7354974
7356660
7358098
7378438
7389329
7399652
7404255
7410508
7436575
7437405
7440696
7452759
7460813
7489059
7493591
7495602
7508191
7510707
7512957
7523489
7528743
7601419
7603528
7619744
7629093
7649496
7661211
7717768
7732456
7744676
7758242
7776303
7778675
7799571
7800184
7801589
7839773
7840252
7899912
7907809
7916216
7951229
7960810
7968247
7969289
7990557
7991032
7999071
8018365
8043086
8057165
8086929
8094009
8094434
8103828
8111327
8145806
8149764
8157578
8167562
8190012
8200010
8209989
8213085
8216882
8218579
8244295
8258177
8260045
8265578
8278338
8288122
8301792
8320638
8328431
8328819
8345414
8346563
8350631
8351326
8365497
8386827
8401081
8411090
8421225
8442217
8447278
8459713
8464269
8472528
8476210
8479122
8499742
8523967
8537025
8547134
8576725
8579497
8580344
8593622
8603631
8607572
8612457
8631035
8705494
8707716
8708476
8713458
8723640
8729387
8734293
8734852
8777686
8778265
8779027
8783702
8790045
8792401
8793890
8795471
8813139
8823466
8825840
8827553
8848636
8876256
8898763
8904083
8905773
8919017
8927446
8940739
8951803
8959024
8985495
8990295
8995701
9024039
9036109
9039127
9040556
9041204
9042941
9042973
9051528
9062279
9068194
9069966
9071657
9089046
9091857
9092009
9092512
9094728
9100802
9103796
9113123
9138781
9144447
9146269
9185145
9187510
9190973
9214998
9230973
9232680
9255756
9274612
9291064
9299253
9300758
9308901
9318808
9329103
9346073
9361170
9369766
9372671
9376816
9385381
9395904
9438572
9445097
9455795
9470213
9487030
9511875
9532688
9535519
9539877
9553934
9584608
9585458
9596828
9623238
9653264
9665288
9671892
9679487
9698789
9702857
9709110
9751410
9754393
9762582
9763518
9778432
9801758
9819534
9839229
9850360
9855146
9855961
9865557
9894515
9902138
9914096
9914617
9916401
9922375
9929026
9934040
9946776
9960660
9987204
10000947
10001599
10010938
10015098
10035622
10038701
10047223
10061019
10061740
10080037
10091177
10115368
10133473
10135459
10136306
10138909
10156254
10156321
10156722
10166831
10180688
10193946
10198181
10209204
10216003
10225932
10248695
10256406
10260349
10260363
10265373
10272299
10276496
10310160
10326890
10340971
10366156
10383519
10389446
10397483
10407771
10411734
10414609
10424508
10424771
10426628
10433208
10449770
10461226
10470332
10470353
10476895
10481787
10499255
10508581
10516249
10558244
10579733
10607505
10608025
10620802
10635125
10663270
10730437
10734706
10748181
10748270
10749383
10749399
10763634
10765346
10770856
10777778
10787872
10799964
10803983
10825784
10828805
10840847
10844087
10863288
10867850
10868144
10887979
10891183
10910210
10914592
10942938
10948398
10959013
10971329
10985845
11025385
11036449
11037748
11052970
11054014
11055026
11066764
11077125
11077813
11082714
11100235
11112049
11116235
11117338
11127358
11129668
11162685
11163834
11170050
11183030
11205227
11216158
11247185
11269940
11278074
11289693
11318805
11336880
11405716
11408140
11415366
11426570
11451820
11464484
11495692
11533658
11533723
11548457
11555202
11562382
11563575
11563996
11589947
11590289
11597300
11613083
11621126
11640148
11651413
11654510
11654698
11658771
11664873
11668535
11672013
11672084
11700293
11709913
11731190
11749994
11762167
11770067
11788416
11789936
11802952
11823775
11828017
11833863
11862137
11872492
11881111
11890085
11901216
11907926
11924571
11954655
11967015
11967578
11968097
11972079
11980334
12001098
12012367
12018907
12021455
12035127
12063340
12071733
12089959
12096788
12104219
12114261
12118125
12120015
12121600
12145660
12150685
12150715
12161517
12199260
12205903
12206607
12207806
12218698
12227633
12235688
12237065
12264209
12267792
12290485
12306469
12314490
12316204
12316909
12326889
12356873
12376398
12382417
12403513
12414365
12416547
12422175
12422480
12452096
12459734
12469348
12499298
12504764
12505465
12506468
12532784
12545046
12575061
12620607
12622103
12637862
12645965
12670153
12678992
12683673
12709277
12713945
12746070
12749721
12753907
12766375
12791421
12795707
12840293
12864673
12867231
12874856
12875858
12922783
12936791
12939208
12941429
12958088
12966570
12967373
12985595
12996515
13033169
13067290
13071346
13092123
13103248
13124386
13125044
13138829
13196305
13196489
13211897
13213182
13213978
13231700
13238463
13246935
13249836
13259019
13271177
13321138
13334707
13337976
13371758
13392040
13405120
13420039
13425125
13444474
13444944
13452840
13466608
13472347
13486739
13493757
13569787
13585404
13600614
13632010
13634369
13644960
13687827
13696482
13702719
13703156
13703704
13707574
13713132
13722544
13725096
13727169
13780528
13826907
13865331
13868916
13869520
13912010
13917782
13935115
13942807
13944116
13953939
13955142
13970976
14010617
14042136
14063733
14066472
14070897
14079561
14102445
14102662
14141140
14151841
14160203
14169949
14177306
14196197
14216008
14229346
14233103
14245467
14246997
14252601
14266285
14275215
14276380
14283440
14283771
14291114
14301177
14315418
14331062
14340711
14353033
14369393
14373251
14392234
14429971
14432020
14434768
14443013
14446772
14447587
14459585
14460277
14503462
14506712
14508837
14509348
14530614
14532749
14539893
14541248
14575256
14602555
14623980
14634054
14651337
14658330
14668203
14677721
14706083
14720875
14726651
14739200
14754829
14767740
14799688
14805800
14824017
14834932
14841016
14846860
14852822
14859555
14868445
14870090
14870108
14891703
14895979
14896871
14903874
14912935
14913680
14914998
14942752
14947070
14979293
14994952
15005110
15027266
15029013
15038074
15045657
15065227
15089157
15108312
15116429
15116739
15117883
15122645
15127438
15150509
15164782
15170876
15196589
15202460
15202609
15239520
15251466
15257499
15261900
15283805
15286753
15299361
15303411
15335443
15339694
15361447
15369642
15376143
15386355
15408567
15422603
15430261
15440025
15441951
15446123
15463969
15464693
15468310
15497091
15508670
15509576
15519005
15520305
15530230
15553542
15570912
15577854
15589480
15591396
15645605
15668964
15674354
15683974
15688788
15691646
15701661
15713431
15720963
15723150
15727686
15733354
15738799
15743503
15756763
15766950
15767730
15774484
15777774
15779334
15804488
15811477
15827089
15845175
15848811
15855311
15862260
15879361
15889234
15889296
15889307
15909258
15920472
15921538
15923474
15925984
15938884
15990161
16010301
16017098
16020021
16039741
16052584
16062805
16067062
16070870
16084888
16089125
16093926
16108046
16133490
16134850
16136212
16141832
16150635
16158612
16161103
16180507
16187294
16196024
16211085
16213117
16213345
16213649
16215441
16239935
16244474
16247957
16257316
16281306
16299627
16304920
16338431
16353658
16356255
16367479
16379223
16384535
16393816
16415594
16438673
16443707
16480421
16492295
16515048
16548684
16555025
16566008
16604004
16617786
16622842
16645513
16662524
16677295
16693344
16696992
16729071
16734613
16740682
16756233
16775402
16790931
16803493
16807789
16835705
16857800
16859963
16879555
16894960
16899893
16900338
16969423
16977873
16978467
16980764
16986245
16998070
17008119
17016577
17020490
17030149
17053213
17069254
17070001
17086540
17110540
17125843
17137703
17137971
17151556
17187782
17201514
17203600
17205617
17217815
17264162
17266824
17281580
17291632
17293272
17297858
17300163
17314880
17317573
17320365
17346006
17347454
17349130
17372661
17376742
17379180
17398725
17431729
17435668
17436292
17456985
17457247
17459191
17465039
17520994
17551526
17556459
17588820
17592231
17597761
17598807
17615460
17646992
17649036
17654669
17662594
17664355
17670719
17680029
17694214
17709163
17710692
17713432
17725797
17726024
17734238
17740444
17769753
17771613
17798065
17806148
17811226
17817494
17860142
17870091
17870307
17902084
17915972
17916107
17922098
17926550
17940225
17954829
17963456
17967644
17968000
17997450
18012346
18034688
18038618
18053429
18064711
18070142
18072044
18072956
18087751
18094941
18102793
18110571
18116316
18125489
18150705
18166355
18173711
18173737
18187285
18190463
18201016
18209822
18218210
18226549
18231617
18232927
18239972
18260353
18263483
18273049
18290497
18301084
18310422
18312791
18325724
18326104
18326571
18342337
18351074
18393986
18396555
18398152
18401728
18403633
18410774
18418895
18435501
18465728
18478204
18499115
18501163
18519408
18566011
18587710
18608575
18614865
18626803
18632897
18637706
18665795
18676484
18689301
18697954
18708646
18724305
18729059
18759063
18761032
18774681
18775358
18777786
18779941
18812184
18812288
18827439
18841313
18845656
18846251
18846464
18858766
18880308
18893170
18894289
18917765
18929427
18931665
18940426
18952771
18965830
18972582
18975110
18980291
18983187
18991665
19006680
19026500
19041718
19054067
19073556
19090259
19095586
19099545
19109288
19109729
19111551
19144328
19160470
19166500
19202028
19203732
19212299
19212594
19242306
19248956
19268134
19277704
19318824
19319266
19327501
19346629
19357177
19376524
19383729
19391622
19420844
19434196
19452441
19478126
19478344
19481634
19493976
19505558
19515467
19519350
19528763
19529018
19533069
19575717
19578140
19611867
19628263
19635000
19653170
19657813
19673058
19681986
19702952
19743539
19767540
19775793
19778454
19779366
19795662
19851850
19868862
19877950
19900985
19904662
19940434
19944394
19955126
19958081
19962947
19974340
19978754
19983142
19984936
19990336
19998029
20004320
20022834
20031306
20032976
20037227
20039546
20052140
20053173
20058635
20063274
20085661
20093221
20117689
20121538
20123993
20138953
20140931
20144524
20147823
20150199
20150573
20169296
20178154
20189909
20195315
20214751
20218985
20219524
20222896
20260275
20261615
20274762
20277643
20281960
20309747
20312152
20314705
20323940
20325135
20339073
20347311
20358385
20373708
20375581
20381472
20394048
20395851
20399848
20403251
20419802
20427415
20430826
20445872
20457667
20457905
20476364
20479048
20480889
20501269
20509670
20520277
20526402
20539821
20555988
20559799
20560716
20565693
20593109
20600330
20615893
20622368
20624505
20634993
20635401
20649762
20655209
20658041
20668427
20685797
20694511
20744631
20747045
20762836
20763409
20768435
20774185
20776078
20782094
20799553
20818917
20819555
20836698
20852340
20861094
20864250
20868253
20870276
20876226
20878649
20890228
20897369
20902598
20907714
20907963
20908906
20927133
20930328
20934444
20946336
20959634
20980395
20987358
21003095
21004151
21009738
21012933
21017597
21063116
21071323
21084496
21095965
21104455
21111197
21116008
21118265
21150292
21164226
21204695
21207126
21207449
21213982
21223529
21268146
21291921
21317452
21319692
21331371
21339927
21345701
21358272
21369015
21369963
21371289
21373701
21388201
21423079
21426140
21453665
21480179
21481188
21496488
21500158
21507465
21515420
21524491
21542656
21544488
21546595
21546662
21553079
21572368
21578872
21603712
21610572
21615780
21640917
21646330
21684632
21697913
21700783
21702251
21704749
21709935
21711171
21724759
21728066
21739569
21745604
21750712
21751142
21763888
21768877
21782546
21811891
21822664
21824052
21827678
21846686
21860572
21890471
21907388
21915906
21918998
21934632
21943962
21945739
21950249
21957223
22033361
22049538
22053083
22054390
22079021
22092752
22100198
22100476
22111203
22118484
22133259
22137967
22158343
22164937
22183931
22202807
22207662
22218983
22221671
22230262
22236719
22261717
22262064
22262669
22272224
22285606
22297845
22306897
22315974
22321674
22333293
22334087
22355306
22359593
22361486
22371000
22371949
22373025
22381731
22384078
22384374
22401890
22422431
22423385
22423693
22432008
22432315
22437322
22442779
22448688
22453208
22456541
22487194
22490038
22495683
22496071
22516823
22518783
22535170
22564333
22569195
22584378
22593846
22599002
22606360
22618967
22619449
22640582
22654983
22658238
22672361
22678458
22684779
22688618
22701799
22726159
22737699
22742271
22798868
22805487
22812013
22815173
22850116
22851328
22869100
22889685
22905041
22922128
22932159
22956641
22956642
22981916
22998505
23001247
23006161
23050582
23051662
23058262
23067024
23092078
23096468
23103260
23104375
23125213
23138329
23153710
23159582
23191010
23217970
23228555
23233919
23236198
23247278
23251205
23261317
23267722
23269563
23273301
23277468
23283436
23319367
23338601
23338738
23344958
23390860
23403393
23410723
23425787
23428286
23432090
23434922
23438005
23438852
23450262
23458166
23466251
23466447
23502191
23504035
23504546
23538153
23553968
23597199
23617625
23621934
23631037
23635320
23638616
23641261
23646787
23658151
23665936
23669698
23676531
23680212
23686945
23700837
23709011
23718754
23735908
23750166
23754845
23761942
23798433
23806135
23821762
23839689
23848928
23865600
23867790
23889191
23890769
23929712
23945119
23957841
24005153
24023892
24036577
24038905
24067779
24077706
24105111
24129044
24131970
24161006
24178413
24203314
24222374
24235907
24236708
24244612
24258126
24274393
24281754
24286852
24323015
24326949
24328091
24355328
24392841
24405004
24409703
24421046
24423570
24436363
24440278
24443092
24462863
24480999
24493073
24502093
24510412
24517877
24532862
24533540
24570796
24577796
24578999
24580246
24609275
24630990
24647919
24653809
24669197
24697443
24699492
24714810
24716193
24719243
24743940
24768582
24780646
24812088
24843836
24847265
24849727
24851994
24864915
24866615
24894864
24896029
24897975
24911527
24944989
24948735
24950358
24981348
25002876
25005893
25006214
25019414
25040503
25068725
25074033
25083110
25113448
25121302
25135452
25163855
25168851
25216228
25223421
25230120
25251280
25267090
25269475
25291929
25295622
25317209
25318674
25319218
25323676
25329098
25333943
25335573
25344961
25357200
25420409
25423639
25427626
25438509
25458645
25477024
25479068
25488985
25490840
25496101
25506781
25506875
25522954
25529072
25533358
25534791
25552914
25557650
25561893
25565167
25569380
25577598
25581444
25593144
25593974
25617466
25622702
25633381
25638789
25638850
25649807
25650010
25690275
25715124
25720456
25748958
25764725
25770929
25791847
25792301
25825414
25853164
25859966
25867906
25893671
25901456
25901599
25929569
25955075
25956074
25975025
25978276
26003205
26008191
26025151
26042098
26062875
26086391
26109723
26143918
26147646
26152620
26155334
26161420
26164394
26173673
26198684
26203558
26226404
26227860
26228348
26238576
26239368
26258718
26260753
26266059
26309270
26319334
26326147
26334956
26340076
26348668
26353967
26361531
26384015
26384306
26391837
26401504
26412438
26425338
26459950
26461023
26464313
26474830
26484509
26486817
26496775
26496990
26499454
26506616
26526611
26542103
26543201
26550930
26570269
26581921
26584573
26595517
26598163
26610661
26613589
26630852
26643199
26652563
26655176
26657416
26664008
26670561
26680028
26687481
26688798
26694465
26714354
26734088
26742284
26760894
26779324
26796949
26832047
26834915
26845318
26857716
26890659
26893973
26898728
26898734
26901401
26917294
26929322
26953447
26978127
26982735
26988887
26995500
26996712
27009015
27014259
27017350
27045377
27049894
27053523
27087365
27094868
27096250
27111551
27116652
27123199
27144744
27146350
27147674
27159289
27189843
27193771
27214690
27215682
27223834
27231182
27236575
27252195
27268974
27290438
27323946
27334416
27336590
27348106
27349584
27362311
27362681
27393319
27395005
27395264
27398493
27408400
27411492
27418272
27419860
27422955
27443723
27450294
27483055
27486920
27489655
27496309
27505649
27523811
27535642
27578664
27580788
27593592
27595905
27602668
27605870
27612772
27613245
27636059
27648585
27654368
27655318
27657940
27680008
27689810
27690499
27694359
27701553
27707455
27709208
27717107
27720607
27748999
27769473
27797539
27812917
27839511
27844931
27846598
27857726
27887348
27912923
27914500
27924392
27925166
27926900
27932871
27932893
27939712
27961497
27972944
27981049
27995011
28024351
28027521
28033926
28034573
28044975
28071615
28088825
28093713
28094024
28114900
28128469
28130868
28135497
28146924
28156321
28161173
28162218
28169513
28222903
28229201
28247544
28252057
28274197
28279575
28287875
28289712
28293771
28302342
28305305
28319178
28326045
28358637
28371048
28373499
28375649
28376046
28385557
28400562
28402857
28407144
28411705
28444655
28453773
28484698
28502207
28509753
28514196
28517920
28544104
28555555
28556262
28567013
28567380
28574958
28588473
28592861
28599435
28623582
28648687
28682072
28720940
28722526
28722870
28748822
28748958
28755425
28756023
28763557
28777481
28793765
28796889
28798290
28823520
28836199
28850775
28851911
28866521
28866990
28875868
28889986
28907465
28912113
28914057
28925186
28926669
28941318
28948565
28949218
28949891
28969204
28970515
28975860
28981840
29005935
29040403
29053728
29054568
29069705
29071668
29075394
29077157
29106476
29108348
29113066
29129975
29135336
29147516
29148605
29196282
29201685
29203293
29209611
29219980
29220673
29223310
29226367
29232096
29242326
29253979
29255327
29266516
29287357
29353990
29384068
29401929
29411118
29463168
29478467
29478476
29503540
29505131
29512062
29577514
29580668
29581391
29605352
29609180
29645747
29650506
29669778
29681904
29749379
29800511
29807804
29858854
29862387
29883974
29897033
29906051
29912243
29936155
29945236
29950192
29990823
29992739
29999207
30022433
30023853
30026132
30035384
30038483
30053557
30085650
30096352
30102887
30110162
30121186
30134746
30138216
30152231
30158728
30168150
30184748
30207638
30207717
30208534
30209861
30221069
30231737
30241051
30263489
30284974
30295770
30301095
30301155
30305156
30312819
30317365
30320668
30323109
30330418
30333156
30359904
30360646
30365758
30367311
30377887
30381424
30397431
30405417
30445714
30471178
30490258
30490300
30498151
30499835
30510889
30518721
30522725
30525858
30565801
30566748
30577689
30580120
30585383
30591284
30602756
30629929
30636720
30641695
30643661
30645536
30658097
30660632
30667560
30670416
30681569
30690056
30701543
30726296
30730496
30747625
30749209
30765565
30770219
30785094
30789566
30789567
30808010
30822760
30823462
30834152
30839820
30858557
30870908
30879613
30893612
30895720
30897095
30905361
30914632
30921343
30925174
30940438
30957971
30990455
30991565
31006657
31010784
31019226
31028256
31028808
31036794
31047138
31050001
31071992
31074576
31084481
31121933
31122987
31124304
31144949
31153864
31183451
31193325
31199091
31203462
31223181
31225347
31228834
31280175
31292124
31297312
31301254
31335270
31374592
31378240
31391841
31395786
31403619
31419230
31420264
31429688
31431684
31461680
31463035
31488850
31498157
31513367
31523112
31527134
31534854
31560348
31572865
31573340
31576678
31595352
31601907
31603339
31635266
31641596
31650308
31663616
31665636
31666765
31689204
31690973
31714316
31728300
31731489
31747937
31748598
31748943
31793311
31819336
31820420
31832601
31837412
31843014
31845341
31887609
31905465
31911543
31917436
31922389
31927823
31977368
31980419
31989246
31990398
32005646
32011264
32030692
32034407
32049229
32072019
32110959
32124889
32128195
32135607
32141709
32155300
32174171
32184560
32187631
32189874
32226850
32239005
32257157
32259272
32270645
32282587
32286066
32291117
32294281
32295918
32298381
32302053
32302730
32304747
32315204
32335722
32347506
32366477
32382802
32393473
32407709
32412258
32418087
32439374
32441655
32441777
32445780
32449533
32463590
32472000
32502217
32507105
32521118
32525849
32537664
32550683
32558735
32564518
32574681
32587469
32597247
32602132
32609246
32632396
32640839
32669680
32692571
32695585
32708039
32738665
32739428
32770055
32778857
32799652
32811749
32812182
32820590
32822321
32833155
32833541
32852490
32867238
32872099
32876714
32885376
32886905
32898721
32900690
32907830
32912013
32912892
32918889
32922063
32937063
32942750
32948529
32957998
32963499
32966332
32983986
32992160
32997616
33003111
33007560
33015391
33024449
33043114
33058539
33069087
33078254
33103038
33115731
33117568
33126771
33133034
33133613
33134835
33139605
33140517
33162492
33177451
33178603
33196690
33202284
33210478
33214214
33223540
33235201
33261489
33266582
33271523
33282360
33284794
33289179
33306813
33313876
33320842
33333284
33336053
33354713
33357194
33365746
33367987
33376887
33391997
33396617
33408996
33415567
33421546
33434085
33437094
33447848
33456234
33465331
33468075
33498486
33501480
33516510
33534601
33536517
33558293
33567302
33568347
33571751
33597639
33618759
33628962
33631895
33660574
33668762
33675283
33692974
33696087
33735460
33736721
33738367
33742125
33746029
33765238
33765332
33767701
33781822
33787764
33795538
33806465
33816069
33817172
33820689
33860876
33876125
33884410
33885018
33943155
33951302
33972802
33985239
33988032
33988780
34011309
34014805
34017655
34026213
34062721
34064548
34091466
34100436
34101104
34115870
34139458
34144174
34148785
34163398
34174300
34187103
34211672
34226623
34243472
34254519
34267362
34296606
34321894
34331398
34354457
34357917
34367224
34453435
34488962
34498473
34501090
34502640
34503055
34514866
34516326
34519891
34535604
34545424
34547014
34549531
34562479
34591656
34603181
34634007
34641123
34652531
34656693
34659139
34675218
34684195
34684615
34707980
34751691
34769165
34771248
34771755
34793293
34797113
34797343
34803277
34805009
34808069
34816064
34825577
34838789
34885568
34895797
34904133
34906648
34914098
34919359
34931685
34945246
34976199
34978087
34988866
35007732
35020999
35033777
35043407
35048923
35054244
35058528
35069477
35084856
35099028
35110926
35123918
35143224
35153872
35162210
35209511
35220984
35222151
35222509
35233352
35235543
35237543
35238538
35273965
35275612
35304876
35314174
35320024
35338050
35347817
35356030
35363378
35395393
35401129
35406016
35416044
35418678
35419698
35422026
35434765
35435409
35440865
35443941
35460978
35483485
35490044
35493693
35494068
35503376
35523125
35525292
35528729
35615891
35629262
35630847
35668658
35675010
35686853
35709260
35715310
35732836
35753078
35758436
35778336
35790309
35805227
35807430
35814516
35817598
35838801
35852480
35856142
35870607
35875783
35906509
35941954
35956993
35962122
35962472
35963981
35972524
35975378
35976648
36002261
36010816
36014337
36016384
36019924
36043325
36081170
36086393
36093638
36095657
36128374
36129194
36137210
36154061
36156369
36162710
36171315
36179221
36193288
36199511
36207106
36256330
36259459
36316667
36322511
36333029
36352632
36354967
36375997
36380339
36401435
36403528
36411623
36429587
36439880
36451194
36464509
36479759
36514684
36516857
36517733
36529210
36545032
36589862
36598460
36616567
36616787
36630366
36634592
36645396
36656559
36668208
36680825
36690472
36723680
36726941
36729236
36734041
36752822
36768765
36771376
36781000
36793496
36799304
36810496
36816488
36817053
36820772
36839565
36843832
36846020
36852812
36854557
36894001
36896718
36902719
36933788
36945370
36949249
36957612
36976377
36982347
36992306
36996362
37006567
37013804
37034509
37047793
37053553
37059528
37077149
37096008
37098204
37101741
37107661
37117912
37120707
37154539
37160513
37172625
37189681
37227129
37229572
37230653
37253137
37263668
37290203
37293050
37305120
37316697
37352190
37371445
37387124
37397357
37402245
37415326
37458010
37470097
37481385
37489830
37511865
37533142
37534503
37537598
37553966
37574884
37576124
37576354
37583262
37600481
37609973
37618061
37639234
37658278
37661622
37662778
37673739
37676715
37682307
37686312
37689334
37703547
37707328
37716332
37731119
37760704
37799658
37817465
37818198
37846723
37855698
37865304
37866208
37919425
37921837
37936432
37943177
37964940
38002250
38018273
38040981
38043566
38047186
38058039
38073199
38107902
38109035
38110235
38128943
38131469
38139069
38148883
38161702
38171183
38176327
38178294
38186502
38193236
38193408
38196392
38205339
38208126
38224968
38255852
38257737
38265138
38277667
38285315
38293068
38303765
38312611
38322597
38324722
38335840
38338581
38349741
38353225
38353890
38355041
38356898
38381186
38384238
38396316
38412149
38439495
38439702
38443392
38475030
38531632
38532622
38543741
38551616
38563162
38570493
38571211
38591233
38596244
38617380
38620777
38635969
38638503
38656604
38659955
38674969
38679379
38680165
38697806
38697906
38724494
38725072
38740466
38740615
38745262
38756017
38772551
38780711
38817771
38823307
38829212
38847704
38878102
38889578
38910028
38960073
38960608
38964606
38973835
38978215
39000357
39013240
39021005
39028705
39033214
39052315
39052655
39096869
39111159
39150667
39156829
39160759
39190209
39194160
39207744
39233361
39265074
39267380
39280221
39285231
39286657
39287765
39296713
39304970
39331779
39337095
39387216
39431367
39434330
39438792
39469994
39495114
39510523
39516456
39539162
39544677
39555660
39558702
39571273
39573875
39597572
39599049
39606623
39610523
39616092
39626106
39644747
39652613
39660431
39661007
39669099
39692303
39697628
39717063
39725259
39727126
39753596
39765511
39766953
39790823
39792515
39811301
39826903
39845652
39848335
39863703
39866293
39869369
39884069
39897237
39902850
39916602
39923310
39949443
39958674
39965512
39978422
39984426
39998437
40022455
40025928
40035483
40045691
40047217
40069624
40075869
40088068
40115268
40119899
40146255
40169066
40173192
40203441
40217371
40228277
40232713
40246964
40255522
40260973
40264037
40289151
40298113
40299808
40306524
40327718
40327985
40349178
40356338
40362453
40368281
40370646
40380249
40380960
40384410
40387112
40397589
40400171
40420608
40428966
40436202
40437746
40441179
40447481
40448166
40456810
40473886
40477653
40501796
40517210
40517939
40543902
40554956
40557614
40569301
40591619
40593927
40595805
40610643
40628237
40660288
40672856
40673188
40691706
40705443
40707148
40720713
40732367
40732598
40746925
40748424
40759793
40778195
40808660
40822261
40829488
40837987
40853555
40879977
40941702
40957674
40972138
40981407
40990597
40994110
41005647
41007889
41009974
41023599
41026468
41032530
41032591
41043852
41061390
41068821
41090525
41092178
41092851
41109810
41115168
41120283
41135902
41146476
41161446
41174264
41180340
41190165
41233577
41236043
41239965
41245203
41248807
41265119
41283150
41293759
41300367
41302797
41323336
41340558
41345257
41346887
41351884
41358687
41371936
41391661
41396944
41417710
41420740
41432185
41433656
41443725
41446327
41453146
41455166
41468014
41512623
41512793
41566879
41567537
41569655
41596737
41610190
41626188
41629924
41629961
41630725
41645637
41647065
41665676
41667980
41678507
41680614
41681974
41688481
41688592
41721492
41727781
41732997
41760028
41770594
41782512
41812056
41825458
41848973
41852519
41856959
41857566
41966712
41976032
41990288
42030595
42038221
42039959
42063816
42111588
42117638
42123336
42124438
42130655
42146443
42156335
42167654
42170597
42181422
42203315
42214493
42218548
42234064
42254185
42254954
42269206
42281478
42295006
42302169
42307621
42320981
42341062
42359083
42371557
42387720
42391794
42413066
42447079
42455166
42475250
42482807
42518132
42524943
42588582
42604958
42627208
42631630
42644820
42655308
42657225
42661249
42669191
42678790
42706250
42746768
42759210
42790986
42812445
42826399
42828679
42877529
42890178
42915260
42943567
42966118
42967257
42970315
42970880
42980933
42993393
43006582
43008608
43023611
43033404
43053574
43054247
43058277
43075856
43083000
43102852
43116033
43121172
43121643
43133168
43133588
43134867
43140429
43154388
43164685
43166678
43186539
43186835
43190793
43210446
43250094
43253160
43254524
43264393
43268272
43274664
43276291
43284052
43303235
43307687
43317628
43329715
43335284
43366293
43368004
43370670
43374311
43383775
43394217
43407620
43421753
43429871
43435475
43461568
43467039
43469403
43537771
43548277
43548964
43554271
43555266
43570160
43573971
43583142
43608740
43616761
43665508
43695286
43700494
43730591
43739875
43746360
43754048
43774061
43785790
43799155
43806797
43808339
43815424
43818333
43823324
43838064
43854787
43865033
43869143
43876524
43911608
43931081
43933419
43950189
43957341
43965008
43965065
44005525
44011272
44014451
44026478
44027436
44029958
44073140
44076469
44076546
44094288
44095460
44099005
44104685
44105447
44107965
44116228
44123464
44134711
44150661
44162275
44165839
44165901
44169576
44170941
44179984
44184738
44202018
44216656
44222913
44243686
44259458
44314279
44335037
44338019
44350290
44375135
44402415
44404108
44410544
44439688
44449568
44454547
44456451
44465985
44472278
44473466
44494258
44506667
44537311
44541606
44545875
44551040
44597955
44602209
44610276
44615509
44642346
44645275
44665472
44683725
44696037
44710748
44721446
44729353
44734992
44745429
44751840
44776831
44786571
44800157
44805427
44818403
44820035
44837567
44854834
44857363
44859352
44860208
44861144
44864386
44872778
44905365
44933443
44937867
44945879
44965627
44966298
44978198
44983220
45009864
45046197
45066152
45071570
45079187
45089976
45101242
45101541
45103135
45105612
45110899
45112482
45135062
45147725
45148749
45170966
45173898
45175126
45190255
45234868
45235952
45248829
45256300
45259563
45264391
45272870
45289696
45299161
45329112
45360575
45399151
45410015
45416898
45429495
45437325
45437349
45440592
45446677
45454832
45468883
45475814
45486862
45498001
45505241
45524567
45553457
45588874
45595608
45613866
45640605
45641130
45647525
45671314
45673683
45677839
45693403
45694385
45699348
45708521
45709630
45714477
45743173
45759706
45764436
45772502
45784090
45810777
45858988
45863446
45868861
45887502
45911225
45918900
45919746
45951248
45965221
45979898
45982015
45982795
46003389
46011241
46036991
46044223
46058487
46059964
46067888
46069475
46079469
46117875
46129702
46156716
46157008
46158276
46163912
46167804
46172837
46200646
46202921
46208347
46235676
46239764
46246121
46248134
46260261
46287944
46291782
46295363
46323795
46327094
46339243
46353708
46357215
46365015
46374232
46390842
46456264
46506142
46526526
46542940
46554618
46583431
46595041
46623069
46650975
46658262
46664835
46679109
46681767
46696873
46714100
46716053
46738597
46741879
46759977
46768622
46777385
46791089
46809810
46810660
46823873
46826887
46834747
46841136
46845649
46892366
46908030
46909446
46912659
46914855
46932103
46958726
46959782
46967913
47009341
47089594
47093666
47109635
47131132
47142644
47150251
47156958
47157338
47169191
47174043
47205483
47208675
47209647
47212107
47242645
47278838
47286091
47314651
47315911
47317970
47318136
47343887
47367088
47373354
47373363
47395175
47403245
47407285
47414348
47420712
47428351
47443066
47486027
47492117
47496830
47537424
47546236
47557307
47580354
47581151
47581822
47590010
47607224
47621609
47631892
47635316
47642449
47669962
47671195
47690254
47730804
47738957
47745806
47757888
47768358
47770235
47779081
47779919
47783959
47798463
47808533
47809673
47831422
47832645
47835085
47843333
47849681
47854480
47860965
47874253
47896865
47899124
47918380
47920478
47930636
47930819
47965370
47969478
47990631
47991631
48008428
48025145
48085075
48087257
48095691
48134555
48160368
48161102
48164451
48183923
48236096
48254191
48291780
48293655
48309437
48322002
48326236
48338147
48353540
48363523
48385415
48394981
48397679
48397802
48406198
48422719
48435188
48450372
48455478
48456791
48489572
48490303
48512654
48540404
48540421
48548319
48572393
48578435
48579890
48580227
48584002
48587280
48596631
48597491
48612040
48612216
48617133
48636867
48650814
48660177
48660613
48679618
48695174
48697584
48708386
48712789
48714274
48718118
48736560
48737180
48742635
48748047
48760174
48761377
48765787
48774928
48790710
48795364
48795954
48806813
48828384
48844876
48845616
48846321
48850222
48875707
48880928
48881625
48896083
48912526
48920432
48923471
48928678
48929315
48945716
48963779
48979757
49000009
49009315
49016958
49020320
49024579
49030722
49055892
49058910
49082193
49090209
49091581
49096360
49113048
49113766
49116002
49116973
49121734
49139707
49144940
49163841
49196604
49199903
49233081
49261727
49279372
49287319
49309957
49314476
49323720
49341765
49362459
49392297
49433347
49443400
49445659
49446837
49480746
49485155
49520820
49533572
49549176
49554640
49561242
49564802
49592150
49594357
49612800
49620142
49621772
49625958
49683793
49692331
49703408
49712631
49714272
49714421
49714882
49722952
49736003
49739802
49748927
49759016
49776223
49790953
49810527
49825966
49845307
49863423
49865639
49879859
49885006
49890360
49898445
49899865
49912607
49945056
49949614
49951167
49959450
49976261
49985438
50004711
50017240
50028366
50060935
50075478
50091503
50097923
50110606
50120910
50128916
50153827
50171700
50209538
50238536
50244440
50244881
50247320
50274626
50284273
50291522
50293282
50308110
50313417
50314113
50340591
50349853
50355514
50356761
50398460
50410053
50431737
50442082
50456913
50478475
50479084
50485430
50487056
50490891
50497135
50507561
50512350
50514604
50520519
50521535
50549596
50559723
50607149
50632614
50648565
50668153
50670014
50673227
50689295
50730600
50758741
50762549
50783649
50802183
50838930
50839181
50840883
50844876
50871514
50875209
50881381
50885270
50906481
50909232
50915969
50936957
50943091
50964751
50968621
50973904
51019966
51021779
51032712
51075266
51093896
51133225
51169716
51169821
51178466
51187219
51187237
51190508
51216513
51234964
51238732
51240879
51258547
51299403
51301384
51301794
51309947
51327305
51329897
51344914
51345452
51356382
51378699
51428521
51429111
51429554
51445814
51456507
51465011
51465146
51537201
51563502
51573972
51589317
51597838
51620694
51623418
51623713
51629465
51644888
51652912
51664568
51706333
51728130
51737264
51739340
51741984
51753880
51766555
51771396
51784157
51786254
51790909
51799676
51810946
51828730
51860210
51860845
51862268
51892592
51897806
51901887
51902440
51906092
51925311
51931577
51935078
51937270
51945221
51965922
51968455
51975072
51984066
52009007
52050729
52059673
52104824
52106578
52118488
52124297
52136859
52167507
52171691
52188089
52191637
52195790
52213289
52252852
52256858
52265965
52271485
52274687
52289148
52316185
52326674
52328872
52329607
52331390
52352331
52371745
52387502
52397335
52399204
52400954
52421327
52449093
52450352
52464464
52482490
52517460
52525286
52549953
52565288
52579969
52597592
52612475
52642649
52646149
52659626
52679218
52694825
52704509
52710022
52731938
52735885
52742922
52754964
52789074
52790463
52796090
52800981
52802491
52823155
52823425
52842362
52895896
52902309
52918741
52925471
52931126
52938279
52971069
52972718
52989607
53005866
53009484
53014038
53015050
53019191
53034337
53034424
53082757
53097826
53106579
53116248
53118700
53152866
53186067
53192832
53196396
53204936
53216744
53253533
53261762
53271145
53279621
53295172
53306329
53312091
53316159
53384463
53386067
53386538
53386791
53393292
53410145
53414622
53416792
53417555
53419831
53424204
53424380
53434172
53462687
53466933
53472323
53482331
53484484
53485187
53491431
53493661
53514233
53557568
53562118
53572757
53587664
53604561
53607093
53619208
53642822
53656510
53665498
53670760
53673486
53682338
53684236
53687508
53718059
53760314
53764993
53770070
53796170
53801454
53816263
53823187
53836135
53852772
53855746
53858230
53859611
53869103
53875237
53883717
53889907
53920104
53931066
53935752
53949492
53952595
53970317
53986327
53990579
54000067
54001165
54006603
54014152
54023125
54027400
54034410
54078309
54088661
54101961
54107983
54114216
54117524
54125671
54131809
54137636
54138780
54146680
54151039
54158491
54160016
54174313
54175642
54185744
54194214
54199504
54201309
54239678
54253680
54263873
54269637
54270224
54278368
54279090
54290402
54301724
54324942
54341699
54346965
54362980
54374283
54392989
54412605
54423350
54435336
54446604
54460941
54469013
54481634
54484773
54493541
54498059
54511337
54513885
54592036
54593590
54595677
54604233
54608215
54609556
54617772
54679464
54689074
54728924
54737800
54752025
54757777
54761228
54762309
54776983
54783595
54785467
54808015
54817028
54823453
54844788
54847909
54853112
54854982
54857404
54870606
54870845
54889293
54900658
54944126
54956665
54957726
54971136
54979397
54987956
54995073
55003971
55004570
55014945
55032238
55047882
55064105
55072875
55089657
55096141
55114933
55143294
55158302
55158953
55167166
55176246
55213910
55233139
55236519
55248803
55252437
55281826
55310677
55331631
55337178
55352597
55356116
55356322
55361752
55371094
55375286
55383553
55388581
55391215
55401068
55424369
55453166
55454417
55455874
55466642
55474237
55483584
55485670
55488873
55498571
55499380
55501359
55506624
55511450
55544480
55544634
55555890
55559257
55565491
55579009
55585925
55585963
55587549
55597968
55601316
55611194
55642693
55661273
55662688
55700649
55733801
55748632
55752981
55765741
55771252
55776420
55813314
55815434
55820308
55827474
55835219
55840212
55846445
55858344
55861202
55861730
55866686
55878605
55884848
55887590
55920953
55929573
55931209
55935166
55957997
55962900
55963753
55966730
55983524
55987129
56003992
56007302
56024155
56027002
56040692
56047159
56121094
56131247
56133237
56143860
56143922
56147353
56156980
56181964
56182917
56185633
56218710
56234599
56236367
56266746
56284427
56292404
56292959
56314599
56325377
56338126
56353037
56353557
56369643
56377701
56387170
56409164
56427911
56432206
56437128
56437982
56442990
56449627
56453295
56473095
56475038
56485528
56500562
56504634
56509673
56510386
56526134
56527234
56533632
56553228
56564917
56595459
56595734
56615305
56641061
56643723
56656102
56686870
56706972
56733117
56739143
56742560
56746246
56752496
56793187
56798569
56806168
56823462
56843937
56859012
56865698
56878065
56880056
56893029
56906083
56934406
56936139
56940598
56955026
56965891
56969172
56976081
56978273
56979867
56994550
56996594
57013942
57038577
57044250
57056047
57064075
57104213
57106697
57110454
57114255
57121068
57146945
57167937
57173183
57181733
57203727
57204596
57206184
57210763
57225118
57228006
57229403
57232342
57247084
57259194
57262594
57265242
57273451
57276775
57279629
57324972
57332498
57342717
57347146
57364327
57367251
57390896
57392961
57393347
57398486
57410247
57423434
57430446
57430479
57445197
57445656
57462087
57467901
57474631
57487781
57511526
57511861
57521926
57527308
57530404
57544536
57556113
57556891
57561410
57588770
57591327
57599131
57603794
57607147
57609827
57617361
57626488
57634084
57648278
57680066
57696266
57723733
57775562
57784169
57791217
57846303
57874101
57881372
57897117
57900401
57905796
57906573
57914157
57929394
57929443
57935983
57942470
58014617
58030749
58030933
58057568
58101651
58111780
58132791
58151971
58186235
58188964
58189591
58194375
58201179
58201445
58215783
58230997
58235089
58247233
58266881
58270214
58273135
58322294
58323270
58330541
58350164
58350688
58353183
58358067
58364572
58376655
58384638
58394011
58401672
58424120
58424828
58436432
58440462
58463857
58476650
58490540
58494752
58494951
58531745
58561952
58567379
58577385
58579054
58586481
58587714
58591481
58605280
58608278
58617433
58627963
58637644
58640484
58657517
58660816
58703786
58707512
58714737
58714965
58721664
58725150
58726204
58739912
58741438
58746031
58761400
58763020
58768025
58789080
58812367
58815761
58815861
58884712
58901953
58949057
59005995
59012610
59032566
59039139
59073179
59087798
59087859
59094397
59110426
59149564
59153577
59164759
59189108
59202451
59210818
59221314
59223067
59229288
59238122
59244279
59248918
59262185
59263624
59300457
59305842
59311018
59316707
59318584
59323076
59336626
59385099
59394809
59421188
59422435
59428827
59430629
59468481
59472312
59478379
59497033
59539556
59545133
59561384
59620592
59674299
59697172
59699618
59701052
59704351
59791792
59793434
59796706
59802168
59807389
59810290
59823319
59835230
59845269
59850011
59853780
59868257
59870379
59873527
59874473
59883162
59885228
59896161
59898478
59915451
59966088
59978902
59985663
59990612
60006445
60041525
60049522
60066004
60084157
60087480
60091248
60100169
60109851
60153273
60173067
60182866
60187311
60202160
60204353
60240082
60247231
60250733
60261151
60308941
60312469
60337964
60343702
60345270
60349472
60376545
60381416
60393213
60420446
60434175
60443695
60449404
60453116
60469003
60479886
60491871
60496223
60499759
60499865
60519763
60529601
60563679
60570948
60609829
60611764
60622335
60632938
60642411
60671628
60679485
60689149
60690526
60692944
60701162
60710084
60750769
60782902
60790850
60800172
60815018
60815863
60816021
60839367
60857550
60898614
60904384
60908099
60908516
60941356
60944470
60959193
60968562
60990358
60990888
60994272
60998669
61001110
61003059
61035367
61039829
61044569
61057698
61090038
61102259
61108117
61119380
61131750
61134118
61137332
61160098
61177221
61180120
61189891
61251925
61262143
61262604
61271546
61291573
61305734
61321477
61329655
61332774
61370125
61395585
61416703
61421155
61422322
61422517
61444380
61454056
61460170
61461739
61507580
61516378
61539592
61572572
61572893
61584171
61597247
61603300
61629410
61629586
61647005
61659453
61670467
61690636
61691797
61703085
61726198
61758737
61758907
61765349
61799411
61804748
61804956
61823236
61829402
61840285
61842782
61844640
61847008
61847150
61885742
61913357
61947715
61951030
61970097
61971880
62001471
62004279
62004782
62027753
62031914
62035342
62036913
62043948
62049259
62061212
62090730
62099058
62129466
62132671
62136840
62139005
62212516
62215681
62245795
62264011
62288164
62293268
62308038
62325667
62331505
62339797
62349343
62353915
62355283
62359703
62360351
62365080
62385886
62387971
62388750
62393170
62395140
62406015
62438939
62443293
62451742
62452757
62457453
62481512
62484078
62513048
62527678
62538298
62540511
62550148
62555489
62559141
62584432
62586637
62598678
62603812
62627484
62628316
62636376
62664368
62665216
62701986
62708747
62728143
62739032
62768952
62771446
62783387
62787775
62796441
62811296
62813458
62838284
62849614
62853665
62863423
62864465
62907655
62909825
62921509
62922644
62939811
62946946
62955875
62968061
62971828
62974786
62978006
62979262
63001491
63005258
63009477
63014910
63043893
63048711
63050716
63061210
63070384
63080614
63107126
63161176
63165257
63192436
63203893
63208311
63209277
63244355
63244445
63250632
63287083
63287326
63289288
63294420
63303086
63303681
63348228
63370821
63375515
63375540
63394147
63397411
63398537
63407421
63413159
63417577
63425652
63441493
63442622
63461773
63491853
63494402
63497924
63499684
63505295
63505674
63514913
63541076
63560823
63571768
63575244
63580261
63598119
63606769
63608641
63621446
63622305
63643815
63648729
63658744
63658996
63702175
63719210
63724133
63739261
63750701
63752915
63793555
63886490
63924111
63924927
63936230
63971050
63991181
64003428
64023770
64078362
64084624
64091907
64099291
64104524
64105861
64106653
64106930
64113786
64117304
64137709
64149583
64163025
64163028
64163932
64188734
64189277
64198083
64221391
64228273
64239715
64267761
64274306
64275096
64301909
64323720
64331693
64345317
64345336
64347465
64359629
64363352
64365421
64381051
64388398
64394489
64395463
64418502
64424102
64424707
64480660
64487214
64510906
64521468
64532705
64534750
64548875
64558072
64572058
64575439
64577203
64588408
64595198
64603700
64608249
64634660
64651817
64671232
64709374
64765950
64777991
64818545
64823630
64827820
64834261
64839656
64854839
64862548
64884762
64896101
64917836
64932331
64940519
64942868
64948106
64950589
64952230
64954983
64963135
64977258
64994357
65015954
65020992
65055133
65056755
65065955
65105539
65127182
65132829
65160462
65164229
65171109
65176489
65186268
65195439
65196897
65209269
65220668
65230075
65230134
65238695
65266347
65283992
65297697
65306362
65315246
65317995
65331346
65342414
65348800
65354474
65378322
65382455
65387382
65398530
65472074
65485717
65491605
65504085
65507336
65530430
65534633
65540478
65547917
65555388
65572632
65576052
65585032
65612763
65669918
65678782
65691612
65698113
65698329
65713539
65720580
65727440
65730952
65737817
65746388
65791603
65805676
65806811
65877749
65905290
65917933
65927117
65932289
65968063
65976087
65980829
65988355
66045288
66048347
66052331
66070900
66097293
66112103
66120303
66143215
66166893
66193165
66194534
66214531
66216417
66222980
66235268
66248665
66249881
66259624
66264203
66274423
66293262
66305690
66348120
66357446
66364383
66384866
66387030
66397288
66424438
66424597
66435179
66440380
66457182
66481222
66494053
66506743
66535448
66568086
66568880
66571713
66603938
66613685
66616762
66617654
66628790
66635609
66641475
66664626
66679815
66683568
66696965
66703404
66742906
66744694
66776137
66787009
66795447
66826057
66828297
66833522
66863211
66875014
66910209
66918613
66919327
66926302
66934523
66935156
66940454
66958480
66960472
66964284
66971303
66973398
66974515
67006019
67020953
67022205
67023855
67028721
67028766
67033572
67037872
67042404
67047343
67071131
67073768
67074331
67076296
67077876
67119748
67127228
67168206
67191036
67191942
67236625
67247122
67254279
67254833
67255200
67259309
67272748
67286581
67307851
67383423
67398832
67414534
67416857
67420900
67436600
67460476
67517120
67529448
67530048
67530742
67534412
67537240
67554285
67557742
67569231
67570633
67571545
67579015
67584974
67598927
67601932
67602004
67618730
67620589
67630599
67656423
67656658
67676060
67680357
67710313
67710986
67723015
67733049
67734841
67768673
67770522
67785248
67789927
67790744
67795530
67808187
67812812
67818188
67838452
67872544
67876697
67877290
67905671
67915010
67932238
67959419
67971161
67975851
67989258
68013949
68015819
68044750
68044981
68045910
68046311
68060405
68060956
68073468
68075473
68077149
68101980
68111065
68121645
68121922
68144464
68157591
68186615
68205473
68214752
68232588
68236390
68237559
68254696
68265992
68273212
68278372
68285347
68291762
68300027
68323606
68347981
68372451
68378538
68401745
68407623
68413813
68419557
68431290
68441493
68482038
68492133
68492488
68506224
68506673
68508624
68517598
68518663
68536554
68536945
68539635
68560250
68564566
68570538
68583582
68583806
68601626
68639052
68644364
68646604
68658692
68663129
68675828
68675896
68689526
68690375
68709281
68717711
68730670
68735676
68736075
68776661
68778145
68805912
68807209
68835476
68836265
68849463
68856720
68864546
68884944
68889219
68943954
68963388
68985893
68990344
69007043
69023260
69027268
69051773
69065277
69075738
69166617
69185283
69193166
69208444
69230004
69231695
69244916
69247869
69251593
69260150
69273218
69322696
69332484
69333304
69333540
69342703
69353011
69358121
69376129
69378854
69408174
69412465
69425339
69447073
69476173
69478121
69483513
69500157
69508826
69520669
69538156
69558330
69587245
69604834
69630760
69664314
69684382
69695307
69700040
69713688
69725009
69726621
69730754
69771036
69779023
69817841
69847454
69847781
69859119
69875773
69885955
69891480
69903110
69919024
69924602
69946299
69956078
70013584
70064113
70068040
70100605
70113075
70113930
70120795
70128923
70148979
70149941
70154544
70156052
70157272
70157666
70184456
70185567
70207983
70213642
70224983
70261599
70263176
70269460
70294525
70295960
70344325
70359325
70367065
70369425
70379022
70385356
70405875
70430514
70448343
70453358
70458534
70464167
70467950
70474302
70477342
70524605
70535525
70547915
70549609
70564323
70567467
70574356
70581783
70583491
70621705
70640268
70641736
70718544
70725364
70727790
70731237
70754112
70763769
70774702
70790728
70791718
70824422
70832023
70837729
70838863
70850685
70891648
70920252
70927616
70944821
70954613
70967819
70969473
70972490
70989791
71032851
71033714
71086189
71086301
71091825
71101203
71115148
71127537
71144797
71152041
71160685
71173210
71174311
71174653
71219286
71225082
71226355
71241148
71241401
71252045
71268484
71275683
71288871
71317585
71327736
71333372
71337373
71338741
71338854
71353423
71368823
71383130
71394594
71415399
71417738
71445659
71478664
71499554
71508895
71514045
71539076
71543855
71598542
71600929
71602227
71607101
71616717
71619553
71633821
71635503
71663657
71667451
71680946
71687129
71689688
71753590
71756787
71759207
71769035
71787156
71806690
71807400
71827288
71874815
71876137
71912918
71921040
71960230
71962754
71963029
71967304
71973193
71978335
71982085
71986969
72056623
72064235
72074757
72095846
72100425
72118570
72141566
72143238
72143984
72150117
72220442
72227693
72236559
72259175
72266682
72266924
72283645
72290234
72296407
72307227
72369225
72381704
72398517
72398677
72406134
72417006
72417690
72418187
72423865
72425161
72426929
72444293
72448552
72454507
72464506
72475158
72493806
72497681
72498695
72513486
72515490
72562884
72582415
72589746
72608765
72628647
72670701
72681795
72708980
72722099
72743752
72758444
72779860
72785561
72788118
72788569
72796740
72796916
72807220
72813321
72820963
72830378
72859464
72859721
72863633
72884076
72888048
72955996
72993540
72993995
72994004
72997216
73011406
73038157
73045148
73051874
73053930
73059209
73067615
73072821
73072894
73073019
73082813
73093952
73096117
73096301
73106585
73109925
73120528
73220572
73228446
73228782
73242269
73251973
73262019
73281907
73282411
73286624
73310516
73323421
73327522
73328828
73332277
73346982
73358239
73376707
73377306
73386275
73425617
73427994
73433228
73436872
73452598
73461105
73465273
73468525
73486384
73505283
73510187
73516769
73542596
73548168
73564385
73598078
73613687
73655586
73673088
73687166
73701447
73705803
73735055
73735105
73759260
73767034
73767815
73769058
73784836
73811712
73825058
73849734
73852482
73887852
73890075
73894457
73895402
73899643
73934388
74016887
74016998
74023749
74030661
74037906
74047137
74062217
74074909
74103119
74114150
74121087
74131115
74142572
74150361
74167753
74171524
74174098
74177802
74194983
74213214
74230649
74239400
74255073
74263625
74280577
74289811
74302901
74320779
74329185
74391444
74394338
74399665
74399972
74406260
74409582
74416601
74434406
74452500
74455370
74463080
74470012
74475964
74495625
74496480
74519667
74528491
74538408
74538512
74562280
74570870
74596829
74602275
74606814
74607853
74647064
74647770
74652519
74653486
74665238
74673879
74701162
74747230
74759907
74760700
74769399
74782959
74789410
74790145
74792300
74800039
74800687
74802781
74810375
74846041
74861115
74876015
74876439
74879989
74892645
74901709
74929996
74950394
74953949
75006548
75015491
75015935
75042629
75052792
75065138
75084471
75099568
75112802
75130123
75159790
75159893
75179447
75180412
75198615
75205255
75206558
75209770
75240992
75291942
75299359
75310545
75315763
75328931
75349637
75351748
75354745
75360211
75365407
75377196
75377246
75378528
75395224
75440453
75460895
75470017
75476231
75499413
75512494
75519123
75530070
75541184
75541214
75545464
75580179
75582006
75590495
75611018
75611786
75628785
75652716
75657078
75676644
75685499
75687379
75708396
75741230
75757072
75767837
75768119
75769486
75792109
75817931
75829448
75896742
75902176
75926182
75933363
75947924
75954905
75980623
75984262
75988299
75990212
75996235
76005999
76014097
76019707
76026994
76046213
76065072
76069880
76090240
76096434
76109831
76123049
76134074
76145150
76153837
76165288
76166826
76167344
76173200
76173595
76192997
76195474
76218951
76229926
76245864
76271747
76305383
76325856
76336286
76336698
76356492
76364821
76376672
76378884
76401998
76407227
76457077
76492503
76492708
76513475
76540554
76541293
76552487
76561960
76569438
76571045
76578779
76594753
76598341
76611625
76630136
76645320
76650819
76658663
76660123
76665804
76678911
76728824
76765109
76767902
76773135
76779464
76792424
76816982
76832306
76842915
76846737
76846974
76861891
76868322
76871928
76878499
76880018
76897859
76910428
76927829
76930088
76944068
76944520
76949663
76950070
76966102
76970588
76982449
76982553
77013220
77024758
77067710
77081956
77084215
77086724
77100563
77109168
77115514
77119119
77122043
77122901
77153173
77155362
77159409
77170477
77184907
77196060
77198323
77211834
77213269
77222498
77222893
77229883
77254098
77258064
77262809
77271232
77279425
77295419
77304819
77305875
77311382
77323815
77340342
77347779
77359454
77381024
77382555
77387904
77394947
77410120
77432022
77446670
77466543
77472525
77476277
77499023
77509210
77514265
77515919
77518669
77522732
77526083
77528692
77533238
77550761
77558703
77560885
77593260
77597521
77630838
77641624
77643019
77652776
77662433
77668201
77673247
77710822
77732168
77738188
77758974
77777093
77822093
77838184
77871916
77885440
77887417
77918182
77922612
77923086
77940218
77957372
77961178
77980244
77990867
77995468
78010986
78011397
78019367
78023575
78036527
78076018
78083903
78133941
78134429
78143787
78169489
78175876
78182682
78207730
78221677
78240684
78261951
78299889
78326929
78344382
78370082
78373653
78378919
78385057
78399716
78405288
78407112
78411443
78441092
78441624
78453141
78469605
78489051
78493166
78501813
78547784
78548852
78553312
78564879
78581723
78582049
78601591
78629975
78659648
78676232
78712572
78718235
78737401
78745241
78774158
78812546
78819331
78838938
78839914
78859529
78870889
78889833
78891434
78898659
78905448
78907257
78912201
78912877
78932302
78960604
78971006
78990686
78992054
78993832
79011475
79048230
79056378
79073083
79084244
79118795
79127338
79128642
79131091
79138590
79140009
79177194
79179699
79209200
79228611
79235935
79246564
79255064
79257318
79258057
79280682
79291627
79302508
79310029
79322408
79336697
79340676
79387256
79394963
79400629
79406740
79421347
79434835
79444462
79469360
79480710
79496036
79496712
79499764
79512973
79522149
79540731
79541249
79546332
79547124
79551306
79574145
79590288
79592489
79644796
79646922
79650450
79675533
79693558
79727559
79737000
79739628
79754201
79770740
79776501
79788576
79802637
79816119
79840559
79858514
79871789
79872011
79894847
79908977
79911903
79913105
79919664
79932163
79941561
79943328
79947240
80013919
80025391
80026847
80035595
80049944
80059211
80071250
80077541
80120907
80122865
80150114
80154831
80167354
80198344
80198565
80203187
80205587
80205802
80219146
80227910
80231406
80238202
80247988
80251772
80259915
80264665
80277486
80285687
80305105
80325982
80329778
80351983
80386312
80423268
80436394
80437490
80439700
80444183
80458184
80459345
80460294
80474452
80484899
80501306
80510232
80511001
80513344
80543935
80545143
80557451
80569650
80576943
80588988
80595507
80612263
80614135
80614549
80617357
80625824
80630418
80634386
80649035
80653827
80672939
80673387
80712182
80713655
80738985
80750031
80754895
80761480
80762556
80793958
80798200
80828038
80843698
80883630
80907834
80923233
80927059
80942043
80959238
80970799
80977662
80978852
80981617
80990701
80993221
80996396
81004168
81026246
81043006
81045325
81048897
81071356
81080951
81082510
81094442
81096625
81125032
81134921
81136135
81136852
81211741
81216263
81219851
81223910
81251520
81252648
81288338
81289362
81306106
81339567
81380771
81387428
81387614
81390716
81392048
81402621
81418042
81420857
81429102
81434960
81440184
81441837
81443995
81452968
81459512
81472993
81506219
81512475
81519588
81521127
81522268
81524996
81534378
81562870
81566026
81578892
81601510
81617389
81624737
81628822
81642621
81646751
81657834
81666420
81671812
81681246
81706942
81712577
81713242
81714146
81714564
81715443
81720823
81752745
81767199
81767890
81772254
81794634
81819158
81829046
81831819
81845616
81852095
81854065
81864841
81865850
81890615
81891047
81896826
81919468
81929450
81933237
82006747
82016639
82020985
82021770
82065712
82070973
82073022
82081211
82091278
82101238
82153007
82172648
82173324
82195861
82196226
82199207
82211115
82225689
82232061
82232717
82254964
82262661
82273367
82286097
82314168
82315690
82323869
82344576
82348377
82348978
82353223
82373118
82378555
82380558
82380619
82382539
82392311
82398092
82410735
82414082
82422375
82432126
82439847
82441902
82443371
82453934
82470074
82481369
82504135
82509377
82528724
82529499
82535965
82563306
82572372
82579323
82601981
82617340
82629403
82650812
82663751
82670032
82673263
82684002
82695336
82703260
82712467
82714744
82717699
82720369
82726003
82726255
82730124
82741155
82745443
82806019
82808761
82859642
82879184
82910364
82920160
82923702
82932785
82939076
82947905
82951664
82954575
82955898
82962097
82962220
82990460
82992188
83010700
83021272
83028147
83066356
83077156
83083954
83092145
83099766
83107728
83171425
83200602
83207676
83223662
83225330
83228399
83272823
83285650
83287833
83319615
83342649
83384869
83396568
83426610
83458869
83477937
83481796
83483366
83483810
83486890
83493256
83496408
83497007
83506924
83522605
83525879
83526726
83551902
83557260
83600309
83617190
83651183
83656619
83668229
83678968
83681654
83684428
83692319
83693415
83712500
83719323
83754796
83757926
83770864
83774595
83777458
83801328
83802904
83806601
83815149
83828424
83844322
83850741
83869751
83874693
83891403
83896923
83909508
83936517
83945382
83957907
84000332
84022632
84042604
84046728
84064856
84074986
84102210
84111094
84130226
84154166
84158265
84184408
84193029
84201195
84207704
84223105
84224293
84233664
84242785
84243461
84247394
84255793
84285948
84289487
84298031
84310484
84344870
84348306
84349747
84356786
84366728
84376641
84412037
84417752
84429942
84439483
84440160
84453065
84461593
84472163
84491824
84495839
84502390
84507850
84513702
84514173
84542114
84543827
84552893
84561040
84564614
84583986
84609419
84610984
84623455
84632128
84679436
84686453
84689561
84689863
84709684
84710415
84711339
84723727
84726155
84757266
84787248
84812433
84820873
84844375
84870032
84886556
84886923
84903730
84914711
84923613
84995755
85000672
85003048
85041385
85048424
85051854
85063792
85079139
85133664
85133775
85141528
85141884
85160394
85166760
85170669
85171386
85176241
85179263
85185837
85200759
85208176
85217024
85221957
85222886
85227227
85229919
85234151
85239141
85240244
85249265
85271346
85280679
85280683
85316579
85360027
85361674
85362673
85385503
85411454
85419279
85433548
85438842
85451279
85451676
85457047
85462867
85474700
85536775
85537580
85556154
85587416
85597035
85600353
85615591
85615963
85623108
85700181
85720228
85733534
85737420
85748500
85755082
85773757
85775001
85784389
85815795
85831036
85842634
85882630
85889658
85892059
85896266
85896715
85900787
85933081
85936098
85949821
85961911
85977344
85986129
85992509
85992709
86015471
86022822
86028354
86072022
86078851
86080703
86104009
86124490
86146016
86157938
86187781
86208164
86220226
86220600
86237890
86238429
86255543
86257217
86274766
86315107
86348094
86358167
86427213
86458333
86471746
86472964
86481283
86482287
86493528
86496953
86505802
86510627
86520161
86536798
86540140
86542470
86546989
86559256
86617248
86649683
86653524
86670966
86690290
86729171
86730486
86732873
86736743
86742093
86747807
86753018
86753834
86761532
86795065
86807248
86827747
86853222
86864487
86869576
86914544
86946524
86978549
86979407
86981962
87002214
87009253
87032725
87045242
87063725
87103452
87118928
87133835
87179889
87182063
87196321
87220176
87232079
87262767
87310780
87312175
87319667
87336839
87350398
87361367
87371635
87380854
87382990
87395289
87399307
87400909
87405311
87405353
87416621
87447404
87451927
87458030
87487764
87499472
87502003
87506195
87511104
87515193
87551174
87551974
87557308
87557606
87583844
87622612
87630115
87634498
87638128
87647926
87653329
87656540
87659410
87683656
87713553
87718838
87758555
87783809
87798661
87815266
87826431
87898479
87927346
87956872
87987370
88030076
88068438
88072892
88075811
88078993
88083069
88098082
88124054
88126653
88141032
88157411
88165972
88171776
88232143
88257375
88262980
88293422
88295993
88328389
88341999
88342351
88359100
88369770
88378847
88396191
88397544
88405851
88456708
88458372
88477415
88487080
88518980
88528309
88544517
88554061
88584079
88585851
88620396
88621082
88625716
88642472
88653022
88669591
88669657
88672027
88689903
88704971
88710773
88729068
88744001
88748761
88752497
88753144
88757486
88765435
88790301
88791451
88803109
88811555
88817216
88835602
88837469
88862515
88893793
88917103
88921534
88938105
88952033
88955327
88992161
89009067
89010266
89015603
89026017
89027748
89037695
89068853
89074816
89128843
89132401
89139353
89153971
89158701
89178565
89215548
89222833
89237533
89240557
89259901
89278616
89293109
89310862
89313225
89313304
89318796
89342654
89343888
89350223
89352599
89362430
89365316
89389459
89393156
89396555
89399957
89409398
89426023
89491263
89493510
89495379
89519240
89519274
89534301
89538088
89565837
89579885
89606124
89609522
89625420
89634669
89653749
89654236
89675885
89690590
89719145
89727812
89743324
89759198
89764796
89767932
89772924
89780128
89791901
89835846
89856648
89858509
89871652
89910446
89929855
89935873
89936125
89947322
89963837
89964814
89986397
90002694
90006236
90020660
90084934
90098343
90120310
90124446
90146693
90148561
90156947
90187168
90197570
90226290
90231856
90234934
90274244
90280102
90301489
90321935
90324684
90328640
90328711
90332513
90342513
90343581
90350309
90354676
90356912
90400195
90445339
90450029
90468780
90487492
90494566
90496898
90528960
90579236
90581472
90585220
90585670
90602875
90607289
90612763
90615888
90642361
90655876
90668676
90691483
90712402
90800809
90831289
90843938
90870615
90872632
90876228
90884562
90889337
90893499
90900240
90915439
90948921
90959053
90961570
90972762
90983366
90984207
90985628
91007527
91008073
91022587
91064720
91097849
91116528
91122839
91124867
91157887
91166053
91171068
91171235
91172306
91178565
91192540
91196122
91197592
91197855
91204669
91216041
91216216
91218546
91239474
91248975
91263348
91264599
91271917
91297223
91305008
91306552
91309448
91329715
91341119
91346187
91353339
91354443
91376466
91388651
91399899
91400611
91401205
91415519
91421983
91444195
91448667
91454991
91490436
91499076
91509067
91541947
91593016
91611539
91638669
91642844
91649035
91650321
91663072
91679032
91692434
91702428
91717023
91733710
91736410
91748820
91749086
91762167
91777011
91790506
91794458
91798340
91804551
91820570
91821018
91822836
91830264
91832797
91856071
91869017
91873610
91913174
91937444
91943355
91957946
91958681
91984524
92017189
92077458
92083984
92090983
92103000
92105126
92111131
92127778
92141140
92142608
92142798
92146989
92166520
92175872
92176945
92176991
92200027
92219071
92298891
92305880
92306788
92310308
92346677
92354687
92381408
92386664
92392121
92399940
92430029
92431038
92440374
92447923
92451518
92455432
92472520
92478387
92478658
92478949
92483699
92502134
92515997
92519490
92550498
92558660
92561724
92569725
92600503
92633122
92657641
92661473
92666966
92681612
92694145
92703893
92713246
92718791
92729581
92739232
92763103
92766547
92783995
92792256
92796843
92814365
92859151
92859530
92886369
92907047
92910737
92914803
92945886
92952850
92967823
92985301
93017633
93029190
93034859
93036788
93041826
93066019
93081985
93084016
93102290
93142226
93159412
93161128
93165597
93168859
93179137
93185992
93196853
93216332
93218656
93241190
93249840
93289322
93297876
93300453
93302056
93331060
93344521
93346589
93357778
93359367
93396392
93422714
93426245
93458444
93485889
93486647
93490559
93491310
93493917
93499757
93500883
93533421
93546890
93611319
93637965
93735164
93736907
93744378
93754545
93776535
93776605
93781637
93785225
93837108
93848402
93888365
93906069
93913033
93917463
93933968
93935649
93943879
93981413
94006983
94013330
94013371
94022905
94023001
94024344
94024357
94056993
94080908
94083050
94094529
94096833
94100708
94100749
94100833
94106872
94121839
94139651
94147919
94152200
94159331
94176936
94195361
94212909
94222515
94224268
94237905
94249291
94265864
94269398
94283595
94295114
94302880
94307670
94309031
94334347
94344277
94353813
94390984
94410910
94417851
94428990
94455141
94475199
94508594
94516714
94520304
94526797
94549197
94580068
94589885
94594100
94599480
94605699
94608369
94624736
94657287
94697911
94713643
94723317
94732473
94740858
94747994
94755960
94792858
94827613
94828297
94847349
94851183
94869521
94893865
94895873
94896677
94923454
94948185
94951207
94958768
94970883
94976396
94986718
94997013
95001026
95022771
95040926
95048313
95066976
95073120
95088680
95092587
95101251
95109132
95141460
95156935
95183112
95192492
95226234
95255664
95258975
95261075
95280752
95286316
95287614
95293712
95295453
95316806
95325780
95339942
95346744
95354564
95359979
95381082
95383362
95395876
95397078
95398811
95399048
95400953
95414564
95427731
95449025
95483474
95501914
95507730
95512876
95517240
95526466
95531046
95541765
95542526
95548422
95588939
95601839
95632348
95640296
95647513
95652353
95660305
95664496
95667355
95693141
95700789
95717283
95757353
95759659
95768248
95771690
95777186
95784989
95787834
95788818
95802589
95826445
95836688
95875982
95909679
95909778
95911865
95920933
95950191
95990927
96003549
96008006
96013881
96014810
96019069
96050744
96101095
96113612
96122007
96134252
96139335
96173903
96181711
96210466
96220678
96243569
96246425
96253627
96256302
96280098
96284532
96351238
96355601
96356361
96395061
96410414
96417082
96423604
96424210
96432107
96445221
96448821
96457143
96461967
96466185
96470753
96494476
96495617
96498746
96499751
96502060
96523921
96524622
96528734
96552374
96561712
96568661
96575803
96591847
96610872
96615983
96628966
96636466
96644031
96650538
96650916
96700036
96706752
96723581
96744533
96746455
96752110
96763444
96764523
96775603
96783667
96803674
96814925
96844632
96848421
96855264
96856087
96862324
96867651
96872000
96879102
96905711
96913621
96923014
96937223
96972929
96984957
96989286
97030206
97049484
97051830
97066742
97067707
97075380
97090060
97100948
97107270
97108229
97113735
97131503
97164856
97165213
97167540
97171527
97172084
97185519
97189719
97193020
97198529
97213302
97213359
97214417
97215813
97215967
97261850
97271629
97278458
97278635
97285954
97289506
97305997
97312643
97316227
97316749
97317484
97336957
97392007
97411840
97427186
97475219
97475702
97477757
97499225
97504662
97508638
97544348
97545804
97550590
97557254
97559853
97560585
97563774
97574735
97604329
97609211
97619914
97655737
97655807
97668084
97669023
97674089
97677526
97692787
97702769
97704056
97705629
97736460
97746524
97754174
97761501
97763414
97775441
97827255
97836064
97856754
97865748
97871123
97875633
97879830
97929606
97935874
97960251
97984423
98006899
98067976
98106223
98126851
98133932
98135934
98157402
98212865
98212983
98214650
98225463
98255399
98270816
98272393
98273692
98274528
98279126
98279147
98285889
98289105
98316491
98318742
98330086
98342328
98351280
98374457
98403685
98405695
98408237
98417762
98421374
98429991
98456612
98462459
98464138
98476777
98504642
98506516
98509731
98512634
98541290
98545283
98556463
98564999
98572255
98601811
98602288
98603749
98613210
98615224
98628182
98630570
98632940
98653048
98669076
98689220
98698569
98717766
98724851
98730765
98738366
98745462
98758170
98768868
98770084
98781202
98783937
98795129
98809850
98813071
98838953
98843655
98849783
98857999
98860731
98871820
98873552
98904927
98916903
98926464
98928343
98931626
98944961
98957528
98973262
98985310
98988711
99020071
99029672
99037289
99048888
99051936
99064648
99091430
99121945
99142801
99149362
99159469
99199148
99215675
99237237
99241886
99251056
99265650
99269323
99269769
99270906
99275171
99283133
99284761
99305217
99312111
99320144
99330363
99346938
99348574
99348849
99360979
99391011
99392912
99393516
99403684
99405702
99421985
99430815
99435619
99450144
99453555
99470889
99476753
99492720
99494654
99510316
99549530
99553234
99555379
99557721
99656530
99678214
99685777
99723058
99736306
99746852
99747897
99773585
99788285
99794094
99802918
99804182
99810065
99811629
99822624
99825051
99847379
99866911
99887886
99889234
99890176
99926297
99927078
99956557
99971278
99992640
99998384
100034394
100039085
100047541
100056395
100058146
100074707
100090002
100091237
100093792
100102531
100107888
100111071
100113244
100122099
100134707
100142539
100157720
100163619
100172440
100208027
100215029
100220133
100228465
100228916
100251951
100255204
100268621
100306192
100312481
100325502
100334787
100335805
100336182
100345249
100350721
100415141
100415186
100416428
100448613
100471596
100485236
100493440
100507986
100524959
100527200
100543557
100552808
100569850
100578053
100596983
100605423
100613005
100621856
100628715
100635090
100647883
100677677
100683941
100703045
100704571
100741680
100757714
100760211
100764478
100770056
100775468
100789125
100795843
100804574
100811603
100845817
100847457
100868252
100879557
100898147
100946707
100960823
100993241
100994624
100999166
101002023
101027572
101029493
101049527
101057637
101063223
101064000
101083892
101086310
101091808
101122953
101125291
101131736
101144771
101165578
101181297
101182563
101201178
101209449
101213793
101222036
101223985
101229973
101230684
101322923
101331580
101332498
101341373
101359174
101362998
101371030
101389298
101417318
101449414
101472953
101481847
101522898
101523328
101524975
101541668
101583453
101594029
101618772
101624965
101655485
101708085
101714811
101729860
101764196
101771307
101771496
101773072
101773960
101774344
101792889
101797533
101800800
101808658
101809711
101814039
101824926
101830927
101835818
101838761
101847062
101850843
101851518
101874358
101896340
101897688
101940569
101975221
101982817
101987784
102003619
102006145
102027192
102029500
102040784
102059559
102065365
102075727
102077501
102083055
102087179
102090227
102118007
102123529
102161612
102195412
102262806
102286724
102289157
102301177
102321830
102333055
102333154
102342430
102344535
102348821
102394815
102400524
102417407
102436244
102446862
102477042
102510254
102515265
102538136
102546588
102558493
102600685
102605015
102609411
102613104
102649298
102650290
102673384
102679489
102686225
102687658
102687748
102698203
102719809
102732243
102741431
102741872
102743922
102840412
102842747
102864916
102864918
102865544
102872143
102899914
102914414
102914836
102935617
102942067
102970922
102973063
102984074
102990246
102993841
103014729
103016634
103036923
103045855
103069820
103074606
103079591
103098831
103102196
103107578
103140594
103157773
103170472
103197507
103198840
103206305
103208424
103210294
103226588
103228604
103255266
103272230
103284767
103287469
103297451
103306969
103321408
103321536
103328649
103339529
103339997
103348356
103350831
103352782
103385883
103399418
103413147
103418572
103423441
103436876
103443020
103447241
103447948
103458870
103476925
103490545
103512564
103523662
103551068
103552839
103561238
103562093
103564316
103583295
103588329
103588868
103597808
103603717
103647626
103650588
103664059
103685467
103691182
103699240
103710266
103736525
103746194
103768664
103793351
103808998
103831630
103848411
103852906
103861216
103880741
103918059
103921095
103942580
103948313
103982141
104003634
104015943
104024739
104027557
104040185
104059305
104073955
104075802
104078751
104084433
104085003
104086200
104094234
104094676
104123915
104133765
104138380
104143109
104144691
104171993
104180626
104188730
104189680
104224809
104226081
104227518
104269022
104277292
104294663
104308802
104310160
104320296
104330083
104335619
104339442
104347221
104367240
104376552
104383220
104385802
104392384
104395984
104397217
104400419
104404187
104480364
104488324
104500952
104505044
104540447
104564856
104568679
104584266
104589407
104601003
104634153
104638917
104681190
104683385
104691113
104708952
104733262
104739677
104752592
104787286
104787450
104830129
104832491
104838467
104845467
104852158
104972245
104987381
104999505
105008694
105013138
105022323
105024311
105052100
105071427
105085041
105116726
105122673
105124934
105132352
105137379
105163937
105167012
105177854
105178940
105181508
105209112
105219066
105238365
105250830
105291316
105298442
105304489
105310163
105321487
105339446
105340733
105353527
105355236
105381945
105387728
105423012
105430987
105435120
105456543
105470747
105472878
105477040
105494672
105501759
105505157
105511749
105531482
105534581
105536836
105537588
105571071
105597211
105617672
105618436
105623436
105624282
105632149
105638609
105640876
105641513
105652354
105658290
105669497
105691388
105693783
105714353
105717371
105723109
105771398
105780481
105820737
105829993
105864340
105877566
105884193
105889787
105935073
105983482
105985849
106005616
106028226
106041096
106050069
106063831
106075578
106084411
106084886
106105012
106107344
106107755
106123323
106166081
106169779
106172352
106186344
106188330
106188345
106188393
106191678
106209316
106210500
106212791
106234094
106259937
106291403
106323071
106341187
106346294
106371725
106384039
106391700
106407338
106425261
106487808
106504020
106508648
106509324
106517554
106530818
106545632
106561324
106568467
106585236
106591884
106628947
106629303
106640750
106645928
106660439
106689820
106694722
106695630
106700249
106728575
106744218
106748621
106753983
106788715
106795936
106799062
106806754
106814397
106816252
106833810
106838200
106843374
106851175
106864744
106873104
106881683
106902010
106904034
106909084
106911365
106911734
106925610
106944608
106955373
106956757
106961968
106969519
106974880
106980900
106980976
106991775
106998305
106998804
107031314
107035386
107036524
107058590
107071144
107085083
107096464
107101918
107106062
107125311
107130096
107142712
107233974
107239550
107247548
107268409
107302287
107304218
107365704
107410464
107413675
107414765
107422151
107424014
107427324
107492658
107496501
107496699
107505678
107509652
107513716
107518541
107530077
107530386
107548814
107567279
107574025
107585262
107587431
107601107
107614907
107621741
107625287
107629644
107640355
107649034
107653595
107704520
107708717
107711790
107720814
107721802
107731030
107829203
107843120
107854733
107862809
107873762
107882203
107911412
107914771
107918594
107929029
107941515
107965069
107983478
107986769
107987225
108001956
108002275
108022425
108026299
108044764
108057629
108061282
108089021
108123886
108199751
108209767
108224216
108226445
108231590
108237506
108262027
108282124
108285253
108286781
108293977
108309769
108320672
108328484
108347962
108361606
108364574
108372227
108380221
108386301
108391938
108392354
108394379
108415555
108417776
108427963
108429340
108431226
108433333
108448911
108461599
108463885
108479466
108508122
108515992
108551007
108553815
108576023
108600293
108632301
108673676
108680365
108680562
108698369
108701628
108717693
108727301
108731456
108731890
108796207
108805453
108822398
108848793
108870377
108894118
108896709
108905039
108923404
108925591
108926508
108934588
108969724
108986569
108996757
109009148
109012490
109033556
109041535
109046445
109062958
109071798
109074796
109075558
109086247
109102675
109159658
109203749
109229201
109240881
109248157
109248706
109252070
109257574
109274940
109280702
109291346
109335135
109377603
109396327
109438512
109464468
109490283
109503754
109511588
109521462
109536904
109553918
109565302
109571309
109576670
109590131
109592089
109599302
109621097
109664100
109720780
109726594
109734086
109744047
109758910
109789246
109800588
109819150
109819394
109855579
109856370
109889639
109900670
109900801
109921255
109933867
109947735
109953634
109961307
109974008
109982324
109996169
110001983
110009918
110016802
110033249
110045892
110075620
110076227
110084240
110084302
110114574
110135604
110137382
110139682
110181833
110189805
110194959
110209657
110211970
110229042
110229165
110235034
110235787
110244545
110256837
110289103
110312623
110323572
110326001
110335826
110350959
110354336
110364081
110369064
110370053
110386829
110393653
110413651
110414371
110428102
110451646
110452797
110469904
110519647
110527166
110532176
110538431
110540046
110542771
110546483
110549559
110567927
110570636
110603563
110659934
110680290
110687984
110702213
110710460
110737758
110738287
110741905
110770977
110785144
110785400
110788648
110797041
110797580
110803461
110822136
110841663
110844086
110855855
110878974
110882800
110908589
110914407
110915868
110931077
110932022
110932516
110933440
110956085
110989016
110992042
111001725
111012342
111021087
111069989
111070265
111094734
111096636
111128000
111138229
111181892
111196431
111243775
111259453
111265641
111266863
111272666
111275069
111277245
111308514
111310265
111310890
111317633
111343124
111361817
111366779
111372689
111387730
111388594
111398400
111413205
111441467
111445463
111460145
111468536
111498698
111511868
111526155
111531099
111548121
111561604
111594252
111606447
111624020
111652571
111663278
111668043
111674937
111708101
111719148
111723428
111738507
111738811
111740121
111742352
111743253
111756184
111772593
111780516
111786943
111787435
111797435
111801875
111817846
111857693
111890718
111926165
111938341
111944761
111945473
111955933
111956748
111957347
111962446
111975489
111977060
111978003
111995009
112010519
112023929
112025259
112043417
112053696
112055894
112058276
112068336
112075049
112077042
112078221
112079399
112079587
112080870
112089268
112094946
112111428
112114536
112121930
112134070
112135017
112144209
112159452
112164884
112183607
112188680
112195501
112216575
112218755
112231399
112258175
112259791
112266135
112270820
112286479
112295017
112305573
112323827
112326876
112328999
112338013
112342905
112348037
112348107
112364773
112369683
112375353
112397767
112426693
112430508
112458848
112468944
112472195
112473832
112485848
112492504
112534520
112547999
112558112
112558399
112559464
112596868
112602626
112609892
112620604
112639962
112650075
112682745
112683233
112696100
112696845
112698964
112729805
112750000
112757075
112760710
112772175
112792876
112800031
112801648
112802499
112808692
112808845
112810651
112836208
112879222
112893850
112902493
112937461
112982032
112990951
112993955
112996370
112996964
113031151
113037799
113040597
113040811
113050347
113062228
113065393
113070377
113078610
113086363
113093717
113094384
113106827
113117906
113123225
113126906
113135059
113178510
113220268
113222647
113226604
113241292
113270483
113277149
113331116
113335344
113336538
113345789
113355421
113363633
113372145
113387750
113400439
113408722
113409645
113421774
113422466
113435412
113449307
113451134
113460464
113467442
113474106
113490681
113492337
113502003
113505674
113509114
113515036
113515829
113540027
113540286
113546306
113570866
113591503
113611078
113634474
113637808
113669246
113682662
113710144
113712898
113725864
113765644
113770355
113774345
113788361
113832156
113852746
113860284
113890095
113919447
113926784
113927537
113973578
113983907
113994045
114025578
114046259
114048313
114050496
114052401
114056274
114071046
114078116
114089135
114093620
114096797
114097325
114101420
114102428
114114634
114130712
114135811
114144857
114151036
114152706
114157857
114193974
114214135
114245186
114262963
114266648
114280566
114313791
114318060
114339600
114340639
114365258
114395928
114398675
114402911
114403485
114410444
114411129
114432164
114438411
114452455
114460556
114461425
114466209
114498007
114498411
114504172
114508621
114518619
114555642
114572059
114606426
114607795
114618842
114625219
114646199
114649606
114650396
114658841
114664777
114676157
114691710
114700746
114710484
114711704
114722989
114735284
114736419
114738082
114794062
114799804
114805804
114828188
114835166
114845137
114851235
114853298
114856784
114876093
114877023
114900176
114903626
114907138
114913223
114949272
114949519
114967717
114971917
114979147
114980359
115019624
115021288
115031237
115043756
115051734
115055544
115076241
115079953
115103091
115128549
115141945
115144890
115166897
115168902
115218986
115243645
115252556
115288760
115296492
115302789
115305364
115320795
115323907
115335907
115366102
115369831
115374118
115377429
115386010
115388685
115417554
115421253
115431553
115446697
115464912
115473406
115488549
115497711
115510429
115542349
115556527
115566992
115576091
115592638
115610287
115613996
115616612
115622498
115623537
115634763
115637945
115648865
115666401
115686169
115735020
115737281
115755317
115763584
115767587
115767897
115771452
115774297
115798162
115802188
115816392
115829649
115835730
115837978
115866964
115885348
115894015
115894348
115902307
115908883
115912404
115930509
115933536
115957608
115966872
115969385
115978953
115981795
116030000
116033890
116069916
116074174
116076085
116083231
116100074
116128984
116133826
116149256
116150397
116153861
116174444
116201524
116209364
116220925
116222430
116230726
116232203
116233545
116236320
116255983
116266278
116277547
116294629
116304187
116304679
116307174
116308580
116313559
116336794
116352104
116366494
116371636
116386568
116399167
116400597
116403727
116406579
116411119
116411414
116425728
116441301
116444532
116445259
116445583
116448454
116452429
116469381
116479083
116482917
116489356
116491127
116502453
116508219
116526146
116532056
116547367
116559083
116565627
116566016
116580791
116601983
116616441
116626998
116634832
116637796
116641392
116646976
116653913
116664490
116672538
116677695
116678928
116704327
116712186
116732370
116760447
116761500
116766523
116787179
116791158
116806259
116818886
116824622
116856109
116905382
116927007
116935920
116942681
116950479
116995260
117016026
117023532
117033054
117063470
117066750
117069839
117092824
117093209
117093247
117114025
117126616
117129299
117140790
117160373
117176730
117198228
117207595
117258776
117274724
117308439
117324859
117343355
117352080
117355735
117383820
117386026
117389812
117392698
117405838
117424817
117441032
117444125
117477009
117477069
117478207
117482107
117485717
117486836
117490511
117492095
117492673
117495001
117495804
117503755
117520050
117532918
117556538
117583223
117585737
117601866
117608155
117643329
117645600
117654271
117665776
117686455
117688729
117693862
117702532
117703317
117712131
117717804
117733184
117736945
117738626
117742978
117755083
117758978
117770110
117806186
117817419
117819462
117865113
117867972
117873581
117878847
117883912
117884434
117885260
117894223
117900903
117912271
117916501
117940466
117940632
117972486
117977412
117978823
117990065
117994412
118000812
118011690
118023264
118038287
118039158
118053491
118056303
118058711
118078098
118097787
118102216
118111600
118122550
118129963
118157466
118159175
118202882
118261570
118264969
118267749
118271698
118289958
118293256
118329317
118332678
118369077
118369990
118384006
118402714
118407452
118413618
118417902
118500987
118519015
118522764
118526278
118531200
118537388
118545853
118560817
118561479
118570109
118580294
118594814
118611578
118619229
118634133
118651853
118659419
118680086
118684653
118691241
118700304
118701296
118708713
118715873
118716498
118718622
118722548
118732452
118745524
118763010
118775458
118782754
118803700
118813585
118846410
118850403
118860535
118865022
118872730
118903058
118923489
118945434
118960838
118969948
118999808
119014489
119015180
119088056
119101006
119103204
119116429
119119158
119123851
119139372
119139872
119180240
119190242
119201688
119229920
119237152
119237982
119245267
119248577
119257728
119267292
119287904
119289881
119296371
119307095
119315206
119346446
119375552
119376371
119379860
119388995
119393221
119408161
119441546
119445561
119461388
119469421
119478936
119488770
119493049
119494591
119515293
119534142
119539223
119547830
119561930
119565156
119566308
119567379
119568120
119584981
119613149
119613377
119622438
119625344
119633029
119654256
119665780
119667268
119699019
119754532
119771983
119785115
119789876
119793013
119814833
119818774
119832009
119835727
119841669
119843864
119861592
119878142
119888680
119902577
119921120
119923933
119939763
119945333
119976071
119979890
119981897
119992701
119999349
119999654
120019994
120020284
120026390
120029825
120044329
120058357
120071590
120071932
120074697
120082944
120098494
120099709
120108413
120110362
120121295
120179625
120180308
120192615
120200554
120215383
120220058
120254214
120269660
120300256
120301201
120305043
120353646
120362090
120372443
120377100
120382795
120399973
120409869
120414193
120426435
120432193
120433543
120458572
120466858
120473798
120475554
120482648
120486927
120492195
120540982
120546158
120548475
120558509
120560715
120575768
120579343
120580652
120596736
120623962
120635240
120636602
120695136
120705199
120716762
120725270
120747949
120755822
120783998
120788091
120792409
120792951
120794006
120820679
120831625
120832606
120844413
120849634
120868376
120880687
120887316
120892032
120897801
120932433
120936024
120941868
120946970
120949494
120951838
120955351
120977841
120983137
121005906
121013215
121015305
121036532
121041949
121054155
121063936
121092030
121106520
121113027
121117697
121130607
121134646
121147521
121150975
121151182
121155439
121162312
121178981
121181875
121186189
121189224
121191620
121192936
121199280
121208448
121215715
121227020
121236666
121265952
121270884
121286741
121298619
121299475
121302605
121312231
121314260
121315285
121330367
121352688
121353286
121360077
121386528
121394211
121421599
121425110
121442311
121457429
121466474
121468669
121510448
121528530
121560501
121560592
121564040
121565322
121570373
121585310
121585462
121591521
121592558
121622742
121649024
121669686
121709629
121767560
121768689
121773896
121784853
121803433
121813283
121824973
121830167
121830291
121855784
121871823
121879812
121881183
121903131
121940308
121969486
122004755
122006394
122015757
122017316
122032728
122152211
122202622
122204193
122254386
122255714
122296874
122302091
122303402
122312879
122335211
122352518
122381173
122398251
122420772
122421290
122423370
122426340
122433807
122442995
122450526
122451746
122452487
122456984
122465819
122471491
122473231
122481101
122486139
122493140
122498173
122503449
122504892
122508885
122509407
122512573
122549557
122616269
122662939
122666459
122692118
122695948
122696435
122701816
122707198
122708943
122737003
122742653
122744585
122749973
122767222
122810593
122861392
122869709
122890093
122896839
122908176
122923082
122940142
122940255
122986191
122988140
122994844
122999683
123023144
123031375
123032571
123039531
123044637
123046003
123047295
123053485
123098188
123102408
123110620
123146543
123147393
123149443
123164863
123206897
123232907
123240498
123250792
123259879
123273411
123281726
123289218
123296599
123326444
123342939
123361142
123369586
123375790
123377183
123384805
123388438
123438608
time: 0.003871 seconds
