86383
141106
502255
656680
673366
679798
771332
918280
1120545
1277844
1322196
1349694
1464930
1685688
1693772
1887638
1941435
2007974
2013166
2047531
2157739
2255687
2282820
2312833
2486261
2596794
2701294
2754122
2776123
2806854
2946020
3306230
3420836
3539315
3559274
3808430
3838478
3872460
3921663
3942409
4017870
4048838
4067335
4084063
4155829
4164298
4556756
4810161
4852719
4882924
4940096
4984799
5009222
5020643
5028843
5280320
5305915
5491941
5555670
5693882
5698172
6041471
6068449
6196613
6250878
6441594
6756707
6933754
7221938
7323683
7342641
7531475
7617037
7633368
7642128
7823291
7988874
8021515
8488808
8762015
8800226
8843660
8923005
9110340
9135231
9346875
9477332
9603133
9856651
9867202
9976148
10011651
10133154
10336320
10341441
10677360
10711331
10786300
10940707
10983116
11120780
11609914
11696333
11988967
12000562
12022063
12178448
12194033
12356877
12388472
12478135
12490102
12717384
12866203
13054200
13055348
13182837
13396588
13560448
13618676
13622267
13680146
13688585
13710523
13732346
13869084
13969663
14341758
14520141
14715137
14877827
15049440
15137008
15305503
15341146
15372465
16167972
16171934
16290767
16362543
16545987
16812612
16894727
16943011
17119003
17315474
17528507
17585838
17604807
17609741
17612261
17757162
18079773
18100639
18155224
18181032
18223368
18249399
18450673
18595661
18660764
18730032
18744614
18855511
18900500
19049638
19190804
19215944
19315572
19441024
19732941
20025355
20073650
20101991
20213323
20213432
20505290
20549667
20551011
20566179
20586026
20632783
20656517
20982049
21093490
21098208
21113405
21202137
21253060
21308481
21377374
21401548
21403580
21498321
21499689
21555724
21615157
22040753
22514835
22677652
22761964
22813140
22864616
23158720
23382127
23525088
23735517
23741550
23774568
23805937
23891427
23937661
24301412
24373832
24761786
24921874
25198711
25446915
25490485
25708599
25749819
25874376
25963007
26004983
26316702
26405781
26495827
26773899
26883019
27039818
27064334
27222598
27304869
27353551
27586921
27957463
28014238
28106582
28128686
28176798
28211253
28230441
28408307
28474943
28477066
28502074
28992942
29151055
29171566
29622662
30059549
30120326
30176642
30204017
30275348
30313200
30506542
30535560
30558712
30677664
30803503
30832716
30865845
31020686
31145920
31200273
31417754
31526180
31618570
31953335
32038013
32106102
32182772
32439186
32611994
32669898
32680700
32857326
33028303
33107422
33128687
33176834
33311195
33432220
33704047
33706385
33948828
34050666
34325046
34406786
34430927
34456302
34525613
34598503
34640254
34811648
35069845
35135581
35405633
35475194
35632565
35749672
35791909
35858097
35914879
36028239
36071756
36133817
36544794
36591647
36681991
36682127
36827932
37507648
37526773
37827366
38071452
38114020
38408967
38422646
38535563
38563938
38749989
38810489
38841121
39576552
39617580
39846362
40061704
40199611
40409597
40513016
40532081
40619822
40621834
40913951
40933287
41000625
41074583
41092134
41135735
41163845
41374568
41379190
41516682
41568187
41771303
41911610
42260686
42321322
42477423
42595919
42629106
42662402
42671524
42736312
42844500
43001890
43028027
43050019
43227020
43231581
43313467
43377200
43430229
43470222
43475848
43561248
43676302
43710142
43818856
44198423
44307049
44612171
44844300
45075369
45176009
45655209
45889460
46003076
46097728
46100342
46121170
46171609
46324247
46394697
46591546
46606202
46622298
46721603
46821263
46832073
46885323
47056829
47249977
47415932
47424385
47466366
47492291
47610179
47699317
47841715
48114454
48163414
48233656
48439519
48502544
48723916
48798778
48893412
48961654
49033472
49100140
49609394
49968484
50022688
50063559
50092554
50483163
50483493
50501239
50581299
50619948
50740435
50848068
50885500
50918592
51167571
51196647
51241729
51454688
51466791
51698697
51767625
51825697
51883100
51914633
52005406
52073391
52115315
52202628
52376765
52381517
52546425
52799185
52886732
52946107
52984174
53274181
53346500
53532614
53669317
53689859
53724656
54207165
54314139
54489524
54573566
54600879
54767845
54968421
55003056
55259887
55348743
55626166
55822551
56091488
56294230
56306628
56371624
56564048
56713575
56800870
56975882
57008993
57033563
57168778
57281570
57288978
57439106
57485504
57642062
57716395
57847058
57929236
58074266
58088220
58170189
58438327
58526762
58604952
58615891
58625140
58752838
59073094
59087304
59239374
59403742
59448725
59528901
60178229
60273779
60510479
60548466
60746248
60825242
60935238
60992340
61041065
61042294
61252061
61270228
61336646
61422694
61476811
61645786
61708318
61739157
61850715
61923705
62033433
62225435
62343127
62375517
62386290
62401586
62629988
62892640
62953725
62990829
62997966
63040413
63213747
63318451
63333146
63368391
63508416
63595561
63641305
63864713
64091281
64251337
64265999
64386296
64456353
64627017
65231486
65399326
65527272
65815438
65908782
65953686
66033470
66106403
66355639
66367182
66809986
66894946
67039155
67286340
67291097
67344865
67439096
67496928
67653500
67707600
67737418
67802968
67943788
67981921
68144706
68185121
68220756
68299509
68337933
68466660
68565644
68565963
68726065
68890139
68925158
69224543
69297956
69365468
69383717
69438693
69501271
69642403
69901137
69911134
70021246
70042586
70267800
70426164
70596736
70713604
70874618
71133108
71223639
71239479
71290141
71414519
71700965
71752398
71794483
71806254
71943471
72141872
72293015
72312020
72384669
72604977
72653586
72789308
72945487
72981270
73019480
73160209
73261090
73395122
73418736
73451969
73476407
73536496
73601340
73684081
73727941
73933568
74038388
74281772
74452765
74484574
74521808
74529615
74557488
74769116
74966581
75093953
75289719
75413124
75549145
75619258
75805195
75851675
75877982
75928504
76054840
76151309
76312985
76404306
76416207
76420177
76424008
76524276
76546454
76609367
76834168
76870366
76981262
77274286
77659384
77782053
77822221
78098867
78256088
78399447
78404456
78436752
78543242
78720591
78747415
78875745
79257156
79501235
79585220
79661258
79759951
79848644
79855055
79871252
79880468
80105932
80278556
80458529
80778302
80928595
81000678
81211706
81270986
81362184
81677889
82328115
82544924
82917538
82949530
83146668
83193078
83203637
83412324
83498970
83515391
83621952
83691702
83857576
83863135
84028257
84201272
84256621
84307100
84328880
84477259
84620801
84684636
84877041
85351635
85431882
85531383
85639742
85778002
85785505
85991586
86329621
86393404
86510032
86687483
86835187
87144113
87447015
87464855
87692815
87790033
87820929
87972685
88207391
88217893
88627474
88873687
88949715
89034441
89110367
89358656
89359758
89592921
89707112
90068398
90170802
90400196
90481290
90506153
90572682
90669233
90867168
90972454
91002970
91110830
91239427
91720466
91811551
91872018
91893087
92120466
92481040
92975137
93014205
93062154
93112207
93429574
93443443
93630492
93739424
93814402
93908856
94164315
94183051
94250811
94315351
94631541
94666005
94759742
94807818
94964132
94999528
95000426
95033761
95305079
95416105
95439781
95705144
95781436
95831107
95846401
96163467
96184564
96201098
96463466
96513687
96693657
96862395
96951611
97067597
97088095
97272043
97368447
97489023
97674166
98105473
98292080
98665880
98836994
98853676
98877656
98893872
98907154
99117460
99446182
99546303
99692646
99731977
99985135
100043050
100118043
100267677
100308133
100311914
100381015
100634339
100733249
100760571
100810406
100830109
101114043
101125677
101388817
101405160
101416470
101451362
101589564
101816919
101962729
101999578
102055174
102284087
102303120
102425931
102861027
102916232
103036176
103068470
103183134
103236831
103258143
103300322
103471052
103547379
103748073
103835440
104148754
104576978
104756846
104764872
104838663
104882110
105155173
105167381
105420315
105466347
105501665
105633255
105656572
105841437
105950098
106145604
106340094
106379973
106419741
106664652
106711621
106828398
107109694
107285745
107466671
107620524
107691021
107880545
107910543
107936645
108088723
108218770
108408487
108668244
108747419
109285902
109413093
109659874
110014755
110264603
110846043
110968900
110975843
111001876
111341293
111537027
111606652
111732404
111935099
112097994
112234800
112333002
112386524
112387938
112806063
112808135
113062997
113068200
113567424
113687489
114266331
114323680
114369495
114521580
114595551
114687193
114936430
114956700
115307827
115367361
115669263
115698223
115790738
116015643
116133441
116246350
116353202
116470193
116604466
116750998
116777333
116828777
116882336
117085721
117087488
117125003
117252131
117383677
117419940
117427333
117524780
117550173
117568457
118074763
118186694
118198568
118537614
118710299
118925568
118981538
119211132
119360464
119395359
119413377
119448477
119467963
119647869
119789840
119868559
120066246
120229442
120256443
120287374
120379456
120620162
120639486
120659852
120690372
120720161
120883597
120990890
121058640
121120746
121205400
121550565
121588578
121886650
121923629
121999790
122133409
122188859
122192722
122287420
122318211
122375510
122397391
122428678
122688432
122742093
122906801
123135506
123169891
123294697
123427205
time: 0.000389 seconds
