462919
1176047
2532745
3348748
4016017
4196879
4823437
6055882
6381322
6696628
7055819
7079644
9361191
11611524
11770186
12697043
13287959
14266401
14532842
14999971
15553798
20105053
21215500
21782677
26443475
30147247
30614549
32822110
34572349
35518257
36517133
38049240
38229816
39543200
39548085
42366401
42866938
43315304
44109668
47480475
47931245
50278169
50383544
51449805
51545078
52254047
52622877
53902133
55475852
55565520
55624111
55900412
56015697
57819832
59994261
61389253
61715584
63805427
65396528
68749521
74192114
77216796
77462447
77621944
77848741
83880537
86468595
87711976
91106979
91553975
91594048
92708965
95605547
98830508
98832647
98937358
101055431
101570918
102145301
102419463
102785665
103685632
104582172
105168468
105843577
107110648
108860219
108973528
109657871
112574616
113615452
116505002
116769334
117039171
117973034
119662123
120294143
120320129
122628228
122815124
time: 5e-06 seconds
