108373
201650
242382
327329
372651
499034
667751
733112
846564
929509
1056996
1184337
1241705
1286291
1422201
1537216
1608266
1646520
1705035
1815836
1845647
2071079
2135107
2136400
2328014
2402886
2497615
2588698
2609053
2709443
2858011
2982916
3164178
3175100
3362686
3506883
3559792
3575277
4019019
4081231
4207028
4464395
4509181
4685829
4690440
5080969
5273982
5919317
6086134
6243000
6298472
6491114
6496737
6726591
6758986
6809231
7526494
7528868
7741307
7758899
7942515
8008090
8011721
8068198
8194515
8216408
8235210
8396162
8588352
8712130
8855753
8901384
9012157
9049215
9149884
9295900
9337310
9450369
9479612
9518957
9549919
9639675
9706330
9715317
9918712
9938589
10012499
10070286
10093212
10159270
10425388
10555793
10704056
10705017
10843846
11060958
11125141
11247456
11301189
11310051
11764087
11870244
12062328
12194857
12636828
12669621
12849853
12929147
12930635
13012051
13067614
13130687
13217466
13279639
13317040
13391251
13391333
13392083
13402413
13497313
13696974
13941813
13990655
14148469
14178477
14517839
14587398
14714517
15018983
15055548
15283318
15485766
15587422
15604488
15671589
15912140
15922494
16026039
16032554
16054832
16387021
16433369
16441476
16487558
16512610
16618389
16685407
16744764
16906292
16975929
16988703
17005952
17171392
17227664
17309385
17337602
17603330
18010829
18070226
18194083
18278577
18385628
18394574
18512300
18559337
18599925
18772378
19021518
19120516
19417190
19450923
19820556
19846527
20085939
20217794
20471601
20557983
20577458
20629249
20726071
20813034
21089251
21135020
21203574
21310635
21552562
21864607
21928474
22117822
22662163
22673335
22828446
22853394
22857911
23134716
23198753
23559465
23697807
23781452
23919355
23991141
24032222
24082320
24714701
24856112
24882854
25280313
25388063
25408009
25680618
25686138
25887160
25894902
25994021
26061899
26102755
26137134
26144799
26239361
26242561
26257922
26294264
26499073
26518458
26520255
26874319
26940094
27033760
27044941
27403253
27417749
27828990
27857756
28023253
28086876
28176359
28195833
28374388
28421406
28452759
28679758
28800244
29130268
29296277
29607767
29951650
29953208
30069722
30172800
30215459
30217016
30232226
30335657
30581499
30608318
30729981
30734125
30827007
31065592
31180132
31338076
31486918
31609967
31775144
31912509
31950609
32067122
32089809
32192356
32210799
32243158
32286605
32429552
32503734
32587169
33000409
33036735
33039537
33550922
33560199
33630749
33730734
33736448
33804645
33967250
34159970
34186296
34304250
34353701
34357047
34456101
34456335
34468660
34486876
34550775
34890769
35046642
35340920
35346850
35347519
35368317
35559702
35971876
36003610
36109888
36283415
36562498
36635765
36697482
36737759
37023127
37130017
37158283
37225224
37250220
37578546
37645173
37675641
37921553
37961111
38300067
38579900
38602731
38701171
38719997
38887688
39057820
39100783
39370199
39452656
39460536
39485431
39610446
39734718
39745243
39780171
39831376
39862438
39913540
40001744
40002224
40053071
40066390
40149976
40171231
40292754
40849317
40999622
41111421
41232522
41331251
41383977
41425415
41626514
41658744
42004801
42051838
42078178
42357689
42682665
42800642
42836067
42942270
43189803
43252060
43278170
43511314
43813042
43870019
43947714
43980449
44095993
44134200
44561170
44807752
44893593
45149339
45154726
45305429
45310089
45417819
45613872
45739079
45879127
46046587
46175504
46326601
46483444
46490208
46763928
46905318
47010334
47083990
47239111
47254413
47289515
47327340
47334897
47356974
47517461
47558558
47673666
47714372
47725245
47976438
48084358
48217288
48226050
48546949
48804313
48848621
48859261
48949925
49033594
49053284
49183330
49276605
49390549
49487847
49677614
49870853
50007607
50010171
50015227
50141430
50164028
50204623
50368768
50509378
50543747
51013640
51194651
51294109
51406211
51534515
51638064
51869329
52007597
52218541
52300415
52315062
52578665
52626237
52654958
52694340
53073755
53077711
53348943
53353372
53494596
53499314
53556806
53752949
53921422
53987062
54049907
54409281
54479442
54489167
54783242
54933468
55058502
55213331
55368880
55497576
55617757
55714361
55808105
55867087
56123090
56126769
56349297
56516849
56601522
56610747
56700017
56985828
57013377
57081636
57506725
57667743
57980883
58230595
58285446
58357839
58396514
58614822
58640257
58786686
58870008
58891409
58934738
58942728
59193142
59284864
59337445
59475019
59520714
59593878
59925921
59995129
60138529
60165926
60234464
60677671
60907894
60922320
60958339
60960561
60977546
61092495
61200230
61308682
61579190
61983694
62049107
62097542
62160954
62251466
62305586
62534707
62572851
63179943
63245149
63456128
63655307
63966990
64032068
64182668
64229178
64307730
64336992
64345707
64371928
64705328
64747190
64787522
64825981
64930974
65234312
65427267
65547585
65865581
65999449
66099077
66115707
66313306
66626814
66745097
66976394
67118677
67256476
67272841
67482331
67522214
67567337
67687693
67706814
67766376
67789050
67910950
68229495
68262027
68348544
68365004
68493002
68642375
68683078
68907853
69120256
69471280
69577047
69808488
69912068
70072022
70076483
70109744
70169560
70450353
70516169
70820772
70833479
71131078
71198470
71212813
71216026
71491842
71752973
71825528
71854180
72344441
72597592
73075812
73352149
73386787
73406545
73410649
73444295
73672734
73734554
73854724
74090773
74345855
74365576
74405797
74417330
74517494
74578728
74620002
74812657
75015583
75109387
75125886
75312766
75361451
75476850
75517892
75691992
75724596
75726174
75732399
75914665
76171348
76321304
76437146
76665221
76684820
76860441
77073557
77135137
77307055
77507258
77682473
77691237
78223554
78285176
78528545
78534300
78548746
78643130
78898148
79078184
79444538
79527428
79619931
79632077
79897895
80025140
80188441
80220810
80231288
80329980
80453220
80509766
80598185
80615690
81059131
81204500
81268474
81485918
81783988
81884368
82011222
82198492
82392107
82731455
82757358
82835010
82863105
82874013
83026864
83073993
83136350
83597748
83620946
83654204
83677446
83896334
83953941
83977326
84048223
84065540
84317213
84633597
84724894
84804081
85028972
85125896
85131212
85315106
85476025
85799816
85832960
85948117
85960957
86017244
86081455
86140803
86280330
86591105
86602723
86649998
86805526
86895232
86901113
87222790
87434764
87545974
87687466
88040757
88150641
88239436
88317290
88689671
88689803
88702892
88753514
88777349
88980339
89259467
89341754
89448345
89611604
89729973
89740541
90003187
90363536
90387913
90420125
90486190
90501380
90746201
90792438
90837855
90949846
90992319
91303694
91345581
91490906
91668568
91735861
91746818
92166599
92266782
92358358
92366887
92604722
92619588
92759415
92811441
92927986
93077441
93121268
93137868
93648095
93843911
93881974
93907512
93966028
93968611
94359172
95039620
95149001
95245396
95340108
95363832
95380820
95402535
95475562
95476492
95633672
95786827
95893694
95908856
96035265
96039617
96106634
96245667
96378304
96465180
96484004
96548751
96569937
96662697
96719445
96721559
96731164
96744001
96780617
96924185
97422009
97580137
97798402
97962818
98069296
98231693
98350433
99146827
99211433
99358282
99365768
99646620
99671770
99769955
100367303
100535232
100544999
100567623
100576589
100690738
100916239
100922696
100979655
101033786
101061447
101167355
101343519
101375297
101443882
101469894
101560632
102311095
102352338
102726667
102807745
103186393
103287671
103400780
103501049
103507288
103584149
103651879
103690616
103784449
104116820
104265368
104591522
104682936
104703646
105385423
105415255
105654945
105708349
105802471
105854270
105919640
106072182
106112055
106272823
106465043
106553690
106880215
106897990
107043426
107171545
107253197
107264916
107781349
107962111
108016242
108043934
108256720
108455029
108584058
108655228
108660028
108949370
108967559
109011002
109109713
109730150
109781198
109848316
109994911
110072753
110295776
110316812
110420909
110467650
110517758
110619714
110645201
110669673
110765204
110832753
110879923
111024334
111043041
111143157
111206372
111285173
111356682
111443739
111547843
111622186
111732578
111732678
111834062
111949109
112147622
112186306
112208459
112220694
112250117
112514708
112629668
112656586
112699559
112699977
113096480
113150821
113415551
113423565
113972755
114011960
114036836
114054351
114148254
114223676
114490179
114493829
114695716
114767190
114967001
115053312
115119539
115124051
115441785
115499951
115691197
115705452
115745602
116046739
116077445
116239775
116302727
116332191
116356294
116601760
116786119
116817938
116906356
117032391
117114592
117243167
117327459
117545328
117592425
117658322
117681900
117793700
117828265
117918672
117957415
118023337
118048562
118146524
119010326
119013494
119014753
119068853
119078932
119385223
119558883
119625227
119699502
119703292
119781515
119912035
119970714
119994395
120065842
120165243
120191932
120455357
120716058
120789211
121093159
121199958
121217918
121432611
121611051
121793725
121811909
122250784
122260906
122275568
122334213
122574161
122691114
122878727
122989087
123108490
123111828
123120050
123271960
123310143
123320664
123355827
123384955
time: 5.3e-05 seconds
