10602
11113
14100
31688
51143
54106
55737
68033
80337
85885
89599
93600
106655
131494
136326
160192
161868
174087
174556
178280
186632
190461
206497
208885
228923
259630
270873
281241
309885
311068
320357
367311
367348
378682
394009
406882
415759
418489
430860
452881
453835
463705
469086
490109
507579
541003
542160
542462
548450
568316
571278
572967
592540
604529
605027
614582
643603
650019
671775
676462
689273
691425
693641
713940
715182
720546
724512
779351
797207
801378
802814
808787
815661
832847
845307
855405
858399
874888
902768
903313
904896
908272
912928
937344
942205
956092
970405
975160
981429
985776
989127
1001143
1017683
1023764
1034571
1037687
1050141
1050439
1058897
1063218
1070624
1077993
1138149
1145363
1184743
1187795
1216753
1218006
1237556
1239707
1271668
1274253
1301698
1326192
1326353
1330711
1405404
1408887
1409148
1423366
1440186
1442020
1452082
1459575
1459604
1470772
1471795
1481111
1497233
1503957
1509394
1526531
1537733
1544303
1546301
1546404
1578780
1580762
1591289
1603476
1610140
1638663
1640537
1648070
1654756
1678866
1681900
1685373
1686186
1707049
1708493
1718681
1727473
1759205
1761475
1790997
1796294
1800964
1824753
1832022
1848469
1864657
1864801
1876766
1881005
1882594
1889357
1906927
1930935
1936565
1937466
1968179
1988312
1990017
1993764
2006316
2017566
2023458
2026596
2029472
2045654
2056654
2075999
2081365
2082457
2107230
2121511
2123953
2125494
2135384
2149973
2179409
2205868
2206379
2210510
2261366
2264161
2264855
2267703
2279366
2293771
2306672
2321928
2328668
2334615
2336779
2342068
2350827
2351637
2362074
2368680
2375777
2399749
2467525
2484598
2503779
2524117
2543442
2546811
2550073
2550464
2560033
2560939
2568459
2583042
2594123
2606744
2607759
2618105
2645693
2673600
2676285
2699721
2719027
2754266
2773192
2786718
2790391
2806835
2811812
2837366
2907442
2908521
2917862
2919446
2931127
2935307
2938876
2952305
2978461
2990887
2993373
3026070
3028093
3063284
3069100
3069511
3102760
3130548
3136372
3151209
3168179
3173624
3174034
3195875
3196411
3199504
3210296
3236840
3239920
3242941
3251399
3253123
3267577
3290509
3305519
3312965
3323153
3324133
3329855
3340412
3362282
3370371
3376327
3385470
3388436
3400485
3432060
3432244
3441673
3446059
3468129
3474403
3477067
3486452
3511030
3523120
3526946
3550495
3559006
3561810
3563914
3584679
3589861
3614775
3652705
3660787
3664297
3700782
3720493
3722986
3770957
3775238
3781887
3785800
3790529
3791569
3796410
3797676
3807307
3812799
3817768
3820786
3823336
3838623
3864905
3868377
3879014
3889782
3900514
3906524
3921794
3922982
3935680
3937086
3946336
3953312
3958130
3960031
4009521
4013561
4016548
4023560
4039917
4044485
4046419
4057600
4103823
4105170
4115165
4115452
4122174
4130047
4154558
4154620
4156342
4178729
4195565
4218649
4224016
4239855
4242130
4257182
4257309
4262061
4279232
4284625
4285251
4306085
4306986
4335969
4351644
4369414
4425640
4441829
4445004
4461850
4461933
4470054
4475948
4487500
4491189
4493269
4497960
4499547
4500981
4527495
4532101
4563208
4582589
4603568
4609322
4615866
4626733
4710696
4713486
4747828
4756371
4778425
4788679
4819018
4862130
4887057
4899866
4903661
4932675
4943075
4956340
4961694
4963351
4966525
4971656
4992992
5000338
5018447
5025106
5043150
5048513
5056678
5068955
5072118
5083583
5087679
5110219
5116701
5120333
5126855
5132359
5148588
5156300
5189729
5196630
5198624
5214359
5221515
5229605
5278618
5288220
5298018
5309993
5311558
5321567
5326039
5326169
5334263
5350823
5359321
5367181
5390941
5405893
5428473
5429470
5432210
5432436
5450029
5475801
5506749
5511885
5517921
5518028
5524787
5535939
5544481
5568356
5600412
5619860
5621284
5622325
5637157
5641970
5642247
5672589
5673089
5684832
5694868
5713377
5717218
5719420
5734428
5742843
5751398
5756723
5779751
5780436
5785240
5801673
5816681
5827840
5836036
5862921
5872592
5915919
5916675
5917135
5928819
5931075
5944464
5963976
5969274
5981529
5999000
6001135
6018904
6028563
6029774
6035726
6045777
6066410
6074915
6089393
6104213
6137211
6165224
6170618
6175451
6194067
6202991
6220434
6248702
6257026
6265275
6285582
6286229
6317043
6327655
6335943
6351371
6356075
6363649
6368440
6381502
6381907
6386510
6425009
6438503
6474390
6478086
6507566
6528535
6532489
6541289
6553612
6558538
6562449
6570055
6577704
6596813
6598061
6606951
6615165
6623754
6648046
6692470
6693254
6700019
6704388
6724008
6730768
6733668
6739753
6746656
6761437
6766333
6766799
6767041
6776540
6796233
6799204
6863484
6880015
6893431
6897467
6923619
6928542
6932130
6945934
6962725
6976245
6992273
6992757
6996355
7021672
7035815
7055905
7060048
7079948
7088454
7094231
7101700
7101826
7107121
7108865
7119441
7119814
7125372
7146075
7148843
7153839
7170047
7182460
7207654
7209363
7272842
7276013
7323207
7333207
7337401
7351809
7390607
7401469
7417763
7419448
7425181
7434725
7447197
7447255
7454724
7456912
7464291
7467394
7472825
7504556
7512953
7517426
7553888
7558985
7562508
7580030
7584098
7600880
7606267
7608653
7617390
7618003
7630836
7633366
7642779
7660835
7670936
7672251
7676107
7687237
7691414
7694445
7713746
7742579
7745586
7758129
7766608
7796632
7825714
7840196
7844824
7872332
7915736
7920134
7927626
7937000
7941574
7978334
7981855
7993937
8017691
8026428
8034043
8055690
8059189
8060913
8065511
8079412
8082035
8090224
8095854
8102706
8104815
8118816
8130562
8142002
8151030
8159388
8165571
8179003
8180492
8182048
8186269
8190795
8261610
8265586
8269721
8271654
8298877
8318225
8331988
8339415
8343911
8364562
8372737
8388720
8432110
8434068
8453491
8463276
8464060
8466995
8510435
8521895
8536461
8558037
8595009
8597983
8601613
8605597
8611540
8658075
8663266
8663360
8690907
8694058
8706823
8715262
8723313
8770788
8773973
8788742
8801808
8811498
8819232
8823407
8833620
8855543
8862926
8879702
8916367
8921588
8925395
8928640
8951087
8961188
8993384
9001769
9011482
9026247
9033071
9042114
9062582
9067448
9069519
9075394
9095464
9098679
9098819
9103160
9103731
9129513
9134210
9139421
9139801
9154422
9164711
9167703
9173337
9180817
9186154
9206927
9211546
9214136
9245756
9250626
9253558
9259226
9272769
9286320
9319788
9330685
9335606
9359202
9363868
9367755
9368052
9374101
9374175
9384484
9399057
9405244
9420817
9421312
9431795
9448101
9459645
9462453
9468490
9474075
9475721
9482910
9483432
9491772
9512935
9536141
9559240
9606279
9620948
9637698
9649131
9663789
9675056
9689853
9690849
9714308
9718603
9733656
9749846
9764517
9775959
9780383
9782400
9791713
9828750
9829402
9853321
9864003
9865436
9865916
9901023
9907113
9912970
9917116
9930098
9931826
9938591
9961759
9985369
9991980
9994646
10017044
10017090
10022853
10027021
10035406
10041515
10070635
10071771
10085485
10089705
10099018
10101256
10113646
10124635
10157115
10171799
10173022
10178576
10183509
10204641
10210733
10214068
10220902
10224340
10230807
10237441
10256526
10262581
10263405
10267015
10277343
10277665
10282273
10286549
10301968
10329628
10351178
10351196
10360078
10361207
10366745
10366778
10388007
10390755
10398242
10401959
10421663
10427630
10430771
10434540
10441511
10462534
10473484
10497154
10499724
10517268
10559834
10566155
10589625
10592952
10612151
10626399
10639856
10641892
10647744
10664053
10667691
10673948
10673973
10676691
10679807
10683636
10687320
10689124
10694439
10732518
10748070
10773752
10826026
10834602
10848226
10851979
10865480
10876811
10917971
10924421
10947590
10954447
10967479
10989034
10992028
11021852
11030292
11059745
11059911
11065448
11072043
11073172
11083119
11114941
11116410
11120320
11130202
11146962
11167162
11168450
11188167
11188197
11196849
11222021
11239166
11239650
11248815
11249663
11261214
11266719
11268167
11270903
11276008
11279219
11292742
11302887
11306889
11326259
11376707
11381686
11394942
11416805
11431327
11437072
11451076
11453487
11482391
11485776
11486164
11491889
11509370
11516523
11521797
11525190
11526363
11534064
11541479
11565072
11568765
11584667
11594388
11603785
11604927
11612248
11630293
11650949
11669650
11672723
11679839
11710144
11715216
11732207
11742863
11751328
11773385
11774571
11789724
11793598
11814448
11837939
11839866
11840355
11843604
11848420
11904039
11923920
11927944
11949832
11951401
11959949
11964407
11969077
11975712
11976010
11988924
11997847
12007495
12012693
12021677
12024339
12027871
12046376
12059009
12071436
12083857
12137970
12138173
12153418
12168786
12169835
12181017
12226172
12243161
12246879
12255010
12257112
12272899
12279028
12280064
12292111
12297475
12301238
12314735
12339131
12343097
12344515
12345784
12348645
12354560
12369572
12381032
12404400
12442319
12462023
12466441
12482460
12505568
12535772
12537865
12576694
12579298
12588086
12603642
12630816
12632503
12634537
12645215
12668892
12675948
12679342
12679649
12682125
12690638
12707364
12713320
12722987
12733332
12740633
12767015
12769756
12785362
12796859
12798393
12806323
12807594
12812261
12820481
12826548
12828104
12831036
12870006
12886890
12897739
12901306
12919733
12928504
12932193
12942366
12953391
12960269
12962827
12963193
12975055
12975142
13000022
13010660
13028245
13049487
13050726
13061794
13091099
13096039
13096955
13107528
13128354
13129032
13135728
13140171
13156437
13157839
13182660
13193337
13210065
13212776
13213580
13217384
13220721
13222138
13227315
13253236
13279591
13292708
13294809
13298039
13333138
13336334
13338398
13341634
13351670
13356571
13378500
13382226
13394986
13401320
13434406
13441410
13443917
13446363
13452694
13459983
13472736
13475674
13495135
13509778
13520207
13520698
13532505
13541726
13550866
13551424
13581463
13601307
13604350
13611819
13614497
13632760
13636092
13652702
13657472
13662149
13685384
13696860
13701710
13706830
13718844
13732730
13732944
13738778
13746666
13770849
13773012
13801689
13819522
13822025
13829167
13832160
13834462
13835897
13860060
13934243
13961809
13989714
13998027
13998168
14002709
14028053
14039099
14052897
14066475
14095309
14095485
14099551
14113671
14133669
14146105
14149403
14162013
14171628
14188442
14190773
14192430
14199570
14242617
14243513
14249975
14254899
14271662
14281741
14291716
14292728
14312299
14315096
14347304
14358356
14365537
14379894
14418393
14424709
14443454
14443560
14488012
14493165
14495822
14513547
14525794
14544296
14548534
14552793
14553252
14562311
14572186
14581433
14613929
14624304
14626827
14645273
14654122
14685322
14686045
14686747
14719359
14726524
14726919
14738867
14757883
14763989
14768910
14774241
14777976
14812865
14823457
14825726
14847611
14863937
14869297
14873525
14882791
14886070
14917121
14918307
14934179
14945875
14949207
14956500
14957667
14988167
14991846
14996070
15009471
15038714
15039382
15046807
15048233
15056775
15059356
15065408
15065549
15069097
15072100
15074269
15085336
15092911
15108294
15108912
15170646
15174847
15195809
15211947
15217217
15246359
15261152
15271495
15288056
15307263
15326424
15346038
15347546
15348978
15365036
15393409
15401973
15412765
15430527
15434778
15505289
15533091
15534794
15547112
15562407
15564940
15567712
15580066
15604987
15619779
15624382
15632745
15633669
15637872
15659509
15676144
15688691
15689205
15689309
15749539
15755433
15778346
15789292
15799203
15801171
15813514
15820074
15825121
15827226
15831907
15838530
15861195
15894279
15912971
15913273
15929664
15937616
15975489
15985310
16008680
16008885
16027729
16053288
16057071
16076500
16102237
16105879
16127731
16133106
16167273
16168722
16175575
16180111
16181771
16181775
16189222
16192324
16202210
16206148
16241914
16267531
16280632
16295033
16303463
16336775
16351735
16355750
16375363
16380271
16401336
16416096
16418758
16459210
16459524
16460266
16477826
16495233
16508844
16534588
16552689
16558152
16571843
16573077
16579371
16600372
16605283
16605769
16611618
16623554
16627961
16651828
16665749
16680386
16704527
16704547
16705527
16709510
16711759
16714340
16717906
16722166
16723513
16745966
16753484
16765892
16783862
16801045
16807237
16812353
16814082
16822054
16825775
16829919
16831898
16836331
16844087
16851629
16857237
16861504
16861722
16869567
16869639
16906461
16908670
16917168
16941367
16952928
16953497
16953637
16967754
16975130
16977740
16989069
16999511
17019264
17040816
17063290
17070682
17076329
17079862
17088631
17089784
17091536
17104695
17126992
17127480
17137359
17149923
17152878
17163971
17166801
17208088
17213310
17221502
17238670
17239016
17274066
17276139
17286663
17295233
17300886
17307336
17319284
17321494
17359216
17359790
17369588
17371614
17380430
17384896
17387029
17398162
17408014
17413622
17414397
17419664
17423693
17440674
17445439
17454936
17460092
17493475
17508246
17568561
17569744
17578713
17587725
17615529
17628203
17632004
17637095
17648782
17657586
17663223
17673606
17683410
17690167
17697434
17710696
17736783
17750566
17755356
17764744
17780510
17790251
17794951
17796605
17796631
17798665
17800822
17802869
17811052
17812096
17812505
17812624
17828910
17831499
17845301
17873314
17910534
17916844
17942577
17956263
17963342
17964229
17988568
17989143
17991541
18002626
18027450
18032385
18034753
18035584
18054071
18099909
18104964
18119984
18124907
18160318
18161748
18170923
18179477
18184412
18191003
18191644
18219202
18238382
18238383
18239634
18240396
18246257
18252551
18272585
18278373
18280111
18308929
18310069
18325715
18331298
18336751
18355496
18372006
18379698
18421306
18444037
18458206
18470904
18513704
18526128
18565480
18578143
18582314
18586081
18589747
18597726
18600647
18605343
18613704
18618694
18655268
18657026
18670322
18674729
18711856
18746226
18754419
18762460
18763089
18775982
18805257
18808934
18815008
18823689
18826006
18832727
18877010
18885301
18891221
18895045
18940065
18947955
18956491
18969338
18981815
18982986
18998473
19009206
19019100
19026527
19048433
19057436
19065773
19068799
19135547
19147115
19152181
19168178
19181308
19217532
19218354
19236758
19238279
19240153
19256863
19259232
19266507
19287975
19296995
19307095
19318934
19320619
19332747
19333548
19342059
19355004
19369509
19387643
19388629
19389709
19395254
19407150
19432545
19443069
19484204
19485496
19504508
19506118
19531478
19531941
19552716
19556948
19559962
19570467
19573403
19581892
19609795
19613772
19632556
19634304
19635103
19641786
19714952
19743619
19773460
19838409
19854440
19862842
19869413
19882887
19888180
19914914
19920838
19926316
19926726
19951806
19961570
19974619
19987625
19993747
19996225
20004094
20007130
20013404
20040702
20051318
20066947
20073141
20076862
20081855
20100023
20103127
20107891
20109709
20113491
20123317
20135994
20148262
20170750
20171864
20177887
20188553
20212801
20216951
20234241
20237017
20240772
20245113
20271905
20311125
20316044
20316939
20324125
20344367
20360137
20362869
20371105
20373919
20378171
20378532
20378926
20379413
20385986
20403611
20403641
20423369
20427915
20430772
20447341
20447556
20457400
20458417
20466317
20467589
20469919
20472468
20478653
20479404
20493540
20496243
20496438
20498550
20508941
20523096
20540822
20543625
20546327
20550170
20553621
20562678
20567732
20613915
20659884
20660391
20661474
20679548
20695200
20696665
20707766
20715179
20718097
20719689
20740783
20776803
20780089
20791384
20794897
20797015
20803900
20814368
20831532
20837125
20839513
20858770
20942862
20958862
20969641
20976100
20981164
20990372
20993926
21019059
21027922
21048240
21057717
21061897
21068420
21073873
21077368
21079432
21106651
21112210
21119773
21162839
21163315
21164077
21166052
21176873
21186663
21188822
21192839
21231632
21237836
21248289
21291177
21299553
21308563
21313497
21320200
21325268
21325940
21350518
21365916
21368252
21410511
21427412
21435170
21448383
21465335
21472361
21476325
21478108
21490199
21495029
21502299
21503386
21531946
21549240
21558407
21562573
21579934
21580891
21635166
21643315
21649297
21660749
21674785
21675452
21682246
21699988
21743214
21746982
21768034
21768152
21777865
21786945
21798290
21814409
21819392
21821727
21833818
21850618
21865092
21876505
21888485
21895861
21902431
21904974
21925009
21949631
21951032
21953192
21978282
21979492
21987897
22015876
22024517
22041712
22059462
22063010
22067009
22077677
22106410
22109270
22111542
22113175
22125189
22126463
22129654
22135614
22136837
22144311
22146848
22152294
22188370
22192370
22198273
22210157
22222076
22241766
22314354
22343380
22353624
22358682
22365442
22375197
22376765
22383148
22384143
22387194
22407347
22409729
22416240
22455086
22477841
22480144
22484421
22502568
22514833
22516755
22519986
22549971
22565725
22587762
22598439
22605634
22624173
22639677
22670172
22674900
22693177
22694755
22709676
22718511
22740387
22765790
22767368
22810838
22816746
22817428
22837229
22841285
22847355
22853457
22857363
22867335
22882577
22900146
22901181
22915302
22921625
22932463
22935323
22938912
22984223
22985966
23022149
23037999
23046561
23063948
23069040
23105890
23110487
23137470
23140546
23148023
23186270
23203185
23228149
23245439
23259297
23260450
23292397
23299376
23309057
23313670
23337003
23345645
23355592
23358185
23413293
23418788
23425666
23440172
23458172
23470631
23482991
23497062
23506648
23510912
23519586
23524948
23526847
23533772
23542847
23568208
23568659
23579011
23599568
23613572
23637950
23644309
23654990
23664852
23672329
23672714
23675324
23677193
23694247
23706564
23722484
23722585
23805137
23807534
23831418
23833255
23839212
23841206
23845112
23904875
23913167
23915878
23930156
23951097
24012675
24019126
24028677
24042161
24055145
24088407
24091895
24102205
24102752
24110913
24130817
24179999
24187339
24192456
24211168
24219038
24219586
24224614
24251410
24254488
24255648
24263697
24292444
24297732
24303908
24363522
24365856
24376362
24388993
24396960
24397573
24406577
24409522
24410885
24414197
24441513
24444219
24447543
24454351
24468238
24486292
24488725
24491139
24505045
24511991
24519533
24530582
24533911
24562499
24565477
24578068
24586297
24597906
24605497
24612325
24615928
24628287
24648542
24659933
24692461
24696420
24725034
24738564
24741276
24751463
24758142
24783063
24784743
24789496
24808766
24820298
24821711
24827426
24848948
24864014
24864392
24881747
24896479
24904113
24909484
24909988
24920603
24926631
24933220
24943269
24973058
24977396
24982921
25003477
25033613
25047228
25054254
25096529
25146851
25161527
25197203
25198857
25200453
25224770
25237802
25259318
25294789
25295806
25309382
25312499
25315274
25315860
25324776
25328123
25339652
25407172
25426106
25432844
25434745
25446323
25446358
25448267
25448896
25449183
25460568
25469784
25476970
25477288
25479622
25486689
25486819
25489109
25512084
25517619
25518131
25528631
25537166
25539262
25540875
25542692
25548659
25557841
25560686
25560963
25561998
25582215
25591620
25605385
25606676
25641228
25659755
25670352
25680525
25697131
25700573
25728347
25736513
25736938
25749352
25765615
25773519
25774065
25777471
25779466
25781941
25784633
25803068
25809420
25852471
25869371
25878397
25890071
25891265
25891286
25909781
25912631
25917945
25932164
25932181
25932223
25935968
25977912
25985064
26003968
26020118
26031744
26031932
26045351
26053923
26064304
26087668
26095138
26098887
26109510
26124858
26126127
26129013
26131644
26146738
26152370
26159627
26164929
26186481
26189165
26192929
26194884
26219094
26219731
26275819
26280015
26298757
26321891
26349848
26363634
26378594
26384587
26411835
26432830
26453163
26459778
26462663
26470249
26473807
26475227
26477960
26485759
26493310
26501492
26521387
26537687
26549054
26551107
26593165
26595036
26605533
26606018
26616221
26618688
26626598
26633026
26634283
26666987
26670950
26696054
26699028
26700393
26704985
26710888
26737746
26781292
26817392
26833683
26854243
26878442
26887745
26896180
26928424
26941588
26968128
26969670
26976063
26980888
26999819
27001493
27011184
27029314
27044545
27059526
27066933
27071930
27073365
27078011
27084858
27117215
27126333
27136875
27137209
27137700
27144834
27149981
27169615
27201689
27248916
27263388
27286121
27304733
27341501
27354271
27364881
27377333
27400058
27404883
27409876
27440038
27448079
27455181
27457823
27468212
27480395
27486909
27490976
27543335
27543512
27561046
27585518
27589996
27593757
27597127
27597959
27604953
27618037
27618470
27618595
27627595
27634239
27642117
27653242
27679793
27698089
27699139
27704357
27722516
27725723
27754107
27768606
27784102
27787311
27793113
27821013
27842625
27863629
27865528
27891459
27893980
27909857
27917753
27918564
27926776
27940280
27955072
27962974
27990908
27993064
28033092
28040997
28044592
28061185
28074539
28078477
28079706
28085983
28104552
28132961
28133726
28146115
28146167
28160542
28184327
28190672
28195633
28208530
28210848
28222667
28223498
28239407
28239414
28239830
28247875
28263727
28280821
28302534
28323009
28333878
28338102
28365056
28383741
28390050
28393321
28396075
28435817
28436672
28445849
28449867
28462810
28509166
28511773
28514965
28516675
28528875
28530606
28543725
28546029
28575069
28593146
28600365
28623369
28637698
28653717
28669261
28676479
28687145
28718465
28747826
28751092
28755722
28771654
28773535
28776639
28821969
28824228
28838755
28876523
28886818
28904853
28906622
28921017
28931147
28943391
28945688
28957388
28959985
28964343
28967021
28973194
28977344
28990450
28992883
28993717
29012687
29032468
29049549
29051629
29051873
29095042
29135071
29167877
29170796
29176174
29182952
29194939
29202783
29226512
29233634
29241844
29242957
29247714
29250281
29259369
29268739
29271545
29274283
29276303
29290457
29313860
29338154
29342365
29366307
29375937
29376409
29384935
29391079
29405976
29423658
29427524
29441568
29484878
29485557
29486853
29509713
29511929
29513957
29514030
29514360
29527974
29535545
29542999
29549074
29554376
29575715
29586138
29589739
29596472
29612456
29618285
29622801
29643897
29650744
29664895
29669876
29678905
29696387
29698749
29704149
29715242
29728314
29732558
29843046
29851712
29891144
29897176
29908286
29909132
29911576
29913813
29938829
29943867
29953145
29964804
29968249
30000368
30002229
30009274
30009668
30016300
30067678
30081871
30084583
30101656
30102716
30113974
30133866
30134869
30139525
30141961
30153346
30154506
30155875
30161252
30168403
30203151
30233779
30245248
30248620
30259802
30312740
30315411
30331006
30354107
30365052
30367477
30372174
30381750
30386753
30392033
30393194
30395227
30397302
30397424
30422744
30428861
30441057
30467172
30471197
30480684
30489912
30491441
30496683
30504887
30509092
30515850
30546482
30546887
30575119
30581638
30600217
30619578
30620066
30626550
30632804
30633833
30639690
30647746
30663642
30668103
30668726
30671722
30674818
30687281
30691869
30741531
30763450
30765656
30774178
30783670
30822519
30833639
30839150
30857337
30871111
30876013
30904139
30908529
30920446
30927166
30927333
30929353
30937054
30941487
30947721
30957349
30982241
31028093
31030959
31033748
31052653
31065724
31073825
31078831
31094363
31097578
31098397
31119711
31123748
31146422
31161549
31175777
31188860
31202256
31223637
31228772
31230464
31233555
31245859
31265501
31274289
31329393
31393621
31396852
31399546
31399592
31420086
31470519
31479268
31486498
31521117
31535326
31535337
31551511
31561432
31566885
31570849
31582654
31589550
31600069
31606145
31615785
31634113
31672472
31686224
31690845
31700528
31708681
31713699
31715225
31726237
31788662
31788767
31789546
31810284
31814524
31841812
31845394
31854933
31859358
31868833
31882509
31896890
31900332
31914166
31926338
31962400
31976477
32000923
32003441
32040909
32051536
32055688
32079335
32090011
32114716
32131909
32134745
32148112
32152325
32162635
32172738
32174449
32197065
32199578
32201952
32206350
32219764
32222715
32224439
32256855
32256952
32257707
32262250
32269119
32287274
32300027
32302431
32349186
32352822
32353510
32375650
32402475
32410216
32412346
32420968
32482437
32487386
32488065
32495998
32504339
32508524
32517554
32524598
32527455
32531481
32554106
32569337
32583907
32588817
32599899
32618614
32655407
32659550
32665457
32709255
32714589
32726512
32729002
32733190
32737826
32749912
32796192
32798329
32800304
32820212
32826390
32843626
32858920
32873290
32885419
32899802
32917040
32929483
32936557
32943240
32958729
32960810
32967882
32982213
32986146
32991731
33027198
33028779
33031130
33041301
33052967
33053908
33057918
33073861
33082613
33087440
33141209
33147400
33158395
33160125
33162263
33200721
33203770
33234120
33277715
33280868
33294372
33297451
33297631
33308809
33312343
33319702
33320850
33387106
33406605
33408590
33434191
33454790
33457196
33488993
33499608
33504910
33523698
33523932
33524791
33528718
33550142
33561379
33606814
33614402
33619088
33631757
33644750
33646670
33678540
33682512
33694420
33701298
33727175
33749924
33763232
33766163
33779145
33781552
33788795
33793068
33798384
33801350
33809972
33812546
33812815
33814893
33816871
33825445
33829148
33838741
33859683
33882710
33885627
33907615
33962087
33966369
33986124
34002570
34003122
34013418
34019240
34057986
34072220
34081375
34102905
34130372
34133306
34142653
34163111
34179783
34181568
34183241
34192233
34195819
34197155
34198770
34212111
34219330
34228321
34236526
34239928
34243602
34244271
34253144
34260023
34269201
34282095
34286468
34289910
34322698
34341720
34370093
34385339
34400877
34406692
34414715
34444358
34445685
34446739
34450076
34480977
34485548
34519350
34519891
34529581
34531863
34537890
34540218
34543495
34556086
34593960
34599773
34601843
34603598
34619606
34622264
34628313
34663121
34697986
34701726
34739699
34770200
34770919
34798307
34815537
34815813
34839771
34843335
34843499
34843998
34854046
34862577
34865683
34907388
34908500
34913298
34927596
34933504
34946215
34946704
34964917
34997817
35025633
35079193
35090721
35094621
35098630
35103201
35112592
35123326
35131063
35134911
35136894
35154991
35158574
35166602
35167964
35193715
35197977
35201731
35204663
35234852
35256643
35307785
35344111
35357379
35380196
35409857
35413743
35435118
35461510
35487703
35489638
35496223
35498620
35509279
35512850
35514856
35517177
35524127
35528512
35541790
35541890
35545534
35556087
35560387
35592301
35596047
35597741
35599485
35614103
35617783
35636293
35645913
35650105
35670310
35673022
35675771
35680335
35685150
35715254
35721171
35728385
35733183
35752992
35759623
35781568
35797348
35815176
35816834
35817331
35840109
35842612
35847959
35866120
35869871
35870511
35889230
35902034
35918039
35933513
35943527
35947620
35955472
35956174
35971269
35978693
35995883
36007538
36019210
36043453
36064521
36066485
36079642
36098756
36132196
36137861
36146247
36146416
36148499
36159634
36171711
36210384
36218043
36255506
36279699
36288165
36317722
36319595
36324623
36336681
36373882
36377664
36377849
36382531
36383156
36390155
36395742
36408880
36424219
36427687
36434337
36446061
36489744
36507124
36515839
36528782
36571958
36572421
36575613
36581029
36589712
36603556
36603733
36622270
36659639
36679245
36682967
36692177
36726933
36738817
36739016
36742594
36764204
36764260
36765594
36768605
36782783
36809079
36825748
36827935
36844881
36897316
36899224
36918029
36920862
36937867
36940208
36963277
36992223
37003002
37024119
37025090
37028044
37051508
37063092
37084947
37089525
37091288
37096603
37103418
37104652
37121963
37141359
37148059
37159016
37177442
37177854
37184631
37185652
37206288
37218319
37221229
37230637
37269217
37283245
37314194
37322849
37327299
37343089
37363806
37368783
37369343
37369357
37378098
37387140
37387798
37401101
37416913
37429863
37434823
37438952
37444028
37472202
37479621
37537073
37547586
37572120
37575570
37578351
37601540
37609403
37613159
37635587
37651288
37658387
37668696
37678867
37694858
37721034
37731764
37746327
37748390
37768987
37772109
37793139
37850411
37860850
37870170
37892354
37899364
37923447
37935380
37949833
37970608
37977875
37978649
37993328
38007746
38013718
38025347
38026587
38034947
38051988
38059144
38061979
38072737
38076620
38077722
38103061
38141175
38152406
38169250
38177762
38189692
38249121
38249526
38249779
38250497
38279369
38279854
38286647
38286904
38294893
38298349
38305129
38334455
38337462
38340865
38349613
38352351
38361459
38361536
38382097
38418879
38433688
38445582
38451511
38453568
38453645
38473218
38495705
38509361
38522449
38540317
38545895
38548001
38555123
38593329
38593707
38608842
38610581
38620524
38624274
38642399
38648150
38648310
38673440
38674762
38681101
38706149
38715756
38723494
38735218
38757124
38791835
38799940
38807154
38808626
38834859
38835994
38839652
38883482
38895701
38939894
38967595
38976776
38981783
38991981
39007556
39010603
39016103
39037069
39041943
39044612
39049677
39052748
39054737
39055678
39062776
39087731
39092597
39105749
39108877
39129179
39161824
39162341
39180464
39201687
39203250
39208417
39216874
39222988
39233755
39245741
39252605
39301536
39309324
39320197
39327258
39372200
39384258
39391593
39396744
39400821
39405703
39410251
39415018
39422060
39433782
39457150
39458615
39459588
39473420
39483557
39490408
39493744
39503883
39504090
39546404
39558523
39559544
39575879
39584731
39585489
39592034
39596408
39613534
39629942
39635989
39646064
39651873
39663312
39681557
39682371
39686564
39720637
39754203
39757133
39763069
39800502
39802196
39813311
39818086
39860696
39862599
39874155
39881501
39884383
39888867
39891991
39917692
39917848
39920519
39940700
39942205
39946168
39957393
39957690
39965655
39977471
39986180
40005280
40008216
40010853
40049669
40055138
40067887
40075855
40088083
40097673
40098119
40102919
40137587
40143680
40162797
40163816
40165399
40170822
40174874
40187331
40192427
40196197
40202915
40208462
40212463
40226086
40271133
40273559
40294136
40299141
40300130
40333064
40360616
40370359
40370511
40381474
40383300
40387914
40425341
40453978
40457845
40495984
40502454
40507340
40511532
40518213
40529512
40552708
40555323
40557314
40599133
40643305
40651905
40713660
40719364
40726433
40770647
40772341
40785315
40791115
40800866
40804245
40811129
40827124
40827359
40833027
40841462
40843354
40886616
40888202
40894341
40905545
40916398
40917591
40933007
40945005
40962845
41002081
41022117
41026597
41033161
41047374
41070537
41072724
41077398
41078583
41101460
41148543
41152998
41157514
41175327
41179416
41191747
41198867
41219290
41221751
41224190
41229826
41237083
41247746
41267346
41274826
41300949
41301372
41319244
41332634
41355967
41366951
41368858
41373090
41405022
41420608
41449010
41453085
41471678
41489197
41497981
41500773
41504388
41519465
41524851
41538257
41555407
41559540
41560156
41566143
41618803
41622966
41635285
41648263
41661766
41663281
41666525
41673896
41682056
41692372
41701092
41710136
41715152
41715759
41727127
41732967
41758753
41764292
41822411
41826909
41843878
41848205
41877417
41885792
41895021
41896104
41897522
41898944
41899606
41907896
41911313
41913371
41943606
41945098
41971534
41976954
41977103
41979817
41987967
41988409
42022571
42026111
42045720
42047866
42100975
42110624
42115607
42127183
42127709
42136467
42137427
42146352
42155258
42166765
42172329
42178058
42194752
42212225
42216591
42236588
42245335
42247570
42248575
42264261
42294541
42303239
42323156
42324867
42327970
42330286
42351554
42365204
42373661
42387375
42405765
42405966
42414166
42418032
42422434
42445500
42446097
42450529
42463437
42468451
42472997
42477762
42478280
42511938
42521423
42539402
42616955
42627694
42657534
42660087
42661148
42661269
42672683
42675815
42680580
42689087
42690885
42705469
42716526
42736467
42745464
42747384
42749026
42753672
42760418
42781737
42783408
42792964
42793452
42795284
42796849
42820036
42826843
42830453
42837788
42840699
42880213
42889301
42890589
42919103
42927140
42955999
42958343
42968588
42975607
42980173
42989794
43003055
43016352
43016905
43025969
43031836
43034637
43042770
43061349
43114147
43114966
43125356
43151067
43172694
43175452
43176447
43176807
43199195
43243045
43272392
43297123
43299991
43300122
43316314
43317184
43338912
43348485
43368110
43373762
43402462
43427717
43445572
43452434
43453909
43475277
43496750
43503075
43504554
43504991
43505838
43509413
43516525
43517023
43520205
43534341
43551704
43574916
43585687
43586644
43590545
43600797
43601947
43616463
43626734
43646098
43656737
43686014
43690426
43711743
43713548
43718441
43731057
43741395
43761096
43763576
43763780
43763923
43776920
43788580
43816800
43820368
43821070
43874070
43889066
43889923
43929234
43933792
43943449
43962257
43969110
43982112
43982422
43988683
44004479
44035656
44039432
44069271
44100287
44100495
44104576
44109053
44131933
44142214
44158239
44186146
44196513
44205187
44211705
44218296
44219539
44224431
44225090
44246535
44252086
44258601
44267617
44282459
44282504
44314936
44320943
44331815
44335571
44343444
44346748
44358547
44359936
44367932
44369479
44374140
44378068
44385310
44399577
44399675
44417243
44451630
44461186
44469452
44486692
44504389
44527934
44536184
44541354
44547195
44557593
44561178
44561480
44577239
44589962
44598968
44601358
44613471
44619832
44622144
44638584
44645317
44662162
44710956
44717842
44723934
44733872
44735984
44739905
44748034
44753866
44760712
44775762
44789968
44811898
44840891
44841378
44852214
44864754
44874536
44882469
44901150
44905763
44908244
44918052
44921464
44950316
44950920
44963892
44971803
44999432
45006923
45014213
45044637
45074439
45079386
45082450
45104907
45105634
45116114
45150692
45171803
45206541
45208693
45212319
45213647
45215720
45217736
45220092
45222340
45260456
45349007
45363417
45371913
45377317
45393106
45409776
45460773
45502360
45510449
45525751
45565862
45567666
45580130
45584629
45596669
45599532
45621167
45622392
45630743
45653601
45673489
45674149
45676669
45676819
45680237
45697898
45713507
45724797
45735985
45756496
45757011
45768621
45776311
45777707
45787297
45790868
45808934
45820278
45838699
45840980
45845169
45845735
45854355
45883292
45890223
45896762
45902078
45912257
45916426
45918564
45919639
45927525
45928445
45935247
45938337
45990857
46006346
46016875
46020498
46023378
46036127
46047070
46070929
46125257
46127647
46143425
46162405
46181732
46194483
46200796
46231117
46241463
46264424
46269975
46281365
46296879
46322901
46324889
46366966
46378382
46393689
46399875
46400709
46404985
46415108
46430023
46438574
46452558
46453155
46456149
46461591
46464351
46465655
46476976
46478285
46525808
46526970
46529033
46540735
46545112
46547630
46563084
46566788
46568423
46593629
46637511
46679587
46690992
46700041
46706337
46727975
46733709
46735951
46738424
46749618
46767440
46770207
46777479
46785454
46803648
46808216
46833730
46839814
46850826
46854787
46865307
46870059
46870808
46884738
46894999
46895014
46903151
46911526
46941193
46949961
46949962
46950796
46952796
46959443
46965021
46985786
46986036
46989650
47000819
47012147
47014082
47017051
47038229
47051029
47069490
47080541
47118229
47127835
47132637
47163350
47171033
47174923
47189835
47195006
47241067
47246040
47251177
47263893
47277969
47282187
47291651
47299633
47302008
47310649
47327030
47349232
47351762
47357409
47369268
47370865
47375875
47384969
47411869
47413285
47426675
47440220
47452674
47465846
47469890
47480101
47492957
47513886
47527294
47566578
47567869
47581464
47593026
47598090
47642274
47653906
47678964
47687789
47696645
47700508
47707480
47713595
47724567
47724828
47748470
47775791
47797810
47808552
47907111
47909137
47913393
47916515
47932455
47934279
47956289
47965730
47967674
47978719
48002825
48011987
48012719
48019158
48023048
48031721
48035636
48046827
48057360
48071253
48083942
48086431
48088943
48099946
48102479
48104335
48104742
48106223
48113752
48126164
48131570
48145313
48146314
48148289
48175578
48181859
48186098
48198751
48214289
48226977
48228675
48264575
48279279
48311452
48342096
48359868
48369422
48388235
48410700
48426221
48450193
48457018
48460581
48465639
48468288
48469059
48473088
48503606
48558526
48566638
48573333
48588129
48592009
48599311
48612068
48616962
48673850
48691233
48706094
48709167
48718809
48721340
48722563
48729447
48739669
48772035
48789394
48803451
48809982
48815711
48823955
48841125
48867236
48879489
48905145
48911148
48917459
48940778
48950917
48953664
48957507
48973875
48980953
49009428
49017547
49050623
49083620
49122094
49175971
49187906
49208971
49226320
49228649
49234022
49252151
49260046
49285856
49287040
49329683
49330108
49334977
49336471
49353206
49358181
49374762
49381049
49382137
49394320
49404653
49420079
49420687
49442027
49459825
49498759
49519710
49530514
49532617
49534347
49592610
49593251
49613844
49627616
49631886
49643360
49651288
49665198
49665742
49668932
49677932
49702889
49703303
49726566
49730091
49732883
49750805
49757559
49763759
49777422
49778484
49779891
49833770
49834003
49847442
49857803
49864534
49872174
49878310
49883095
49899260
49903659
49918182
49934024
49935032
49942418
49949612
49954171
49964414
49970039
49974821
49991136
50003920
50012416
50023442
50027745
50030573
50037317
50040357
50041023
50053732
50068202
50078951
50089379
50098224
50122698
50136288
50153487
50156092
50177781
50203113
50206569
50208824
50225562
50226685
50229300
50239955
50252026
50257059
50270300
50294336
50304742
50305848
50309797
50314742
50329160
50331493
50358163
50367391
50367479
50377373
50408021
50454837
50467006
50478005
50491076
50495675
50495803
50512809
50517755
50522859
50556062
50556344
50558516
50583229
50586122
50587300
50594993
50610140
50632893
50661044
50666458
50678592
50680105
50699640
50701018
50704555
50708022
50708975
50727976
50746104
50751974
50791605
50804999
50812125
50812873
50819568
50833641
50849703
50901008
50930980
50931078
50933269
50940601
50942850
50963531
50979083
50998624
51018515
51018995
51020561
51058459
51074248
51085125
51095785
51120615
51124413
51153268
51176048
51191499
51220487
51227559
51238391
51244681
51251918
51253230
51256612
51278121
51284901
51285671
51289559
51293979
51303778
51316055
51336038
51343545
51352603
51371749
51386942
51392237
51399806
51414735
51420534
51433827
51434712
51456361
51485139
51512841
51517443
51522578
51526207
51547084
51553717
51557333
51564226
51596046
51599155
51599721
51604308
51604546
51605200
51628279
51654894
51667183
51675595
51679699
51686376
51693059
51694023
51702672
51725928
51735414
51741114
51789308
51797807
51808157
51837407
51840452
51847576
51884790
51891562
51901708
51901751
51906293
51911732
51921429
51937083
51969896
51972189
51987038
51992894
51996781
51998510
51999927
52016729
52020131
52025027
52049524
52050034
52059725
52061821
52115638
52141090
52152751
52160901
52191810
52192046
52196705
52222202
52222681
52230865
52231992
52236756
52252735
52254285
52255945
52260017
52261449
52274610
52276608
52284358
52297902
52299683
52305746
52311822
52314759
52319351
52348082
52352146
52354256
52360324
52369998
52379739
52389996
52413461
52423465
52464486
52470804
52495944
52504135
52504913
52512687
52536826
52545038
52548897
52556756
52556987
52568095
52570951
52587750
52613472
52617405
52620166
52626483
52647830
52650601
52662404
52663632
52665922
52678336
52678842
52688169
52696549
52701046
52707345
52708116
52720099
52724079
52736835
52742541
52758539
52768813
52779042
52780277
52785812
52810023
52837885
52839376
52853460
52871619
52876123
52890682
52897314
52898538
52931636
52944835
52953696
52975968
52980335
52983629
52997527
52998235
53002770
53009151
53021485
53035668
53036764
53063592
53063988
53068284
53070820
53082003
53088609
53101470
53102834
53103630
53109462
53111282
53125511
53139759
53145557
53163091
53175399
53184004
53196327
53208598
53214921
53215869
53239361
53251856
53268086
53284858
53296344
53302939
53324959
53348009
53361257
53361780
53414809
53426615
53442654
53469627
53471451
53475630
53479607
53486330
53495778
53501010
53517380
53533118
53545982
53556032
53560824
53573957
53577062
53580757
53582573
53585321
53598893
53612866
53619753
53624044
53632045
53636979
53650830
53661398
53680532
53759104
53770511
53793408
53796277
53806573
53823209
53831855
53869612
53880151
53884128
53894862
53908340
53927328
53959760
53966697
53968223
53990919
54001504
54002112
54032208
54032476
54046991
54052555
54130925
54136144
54138656
54139147
54146290
54153833
54166993
54183634
54191534
54196921
54197407
54205270
54215580
54225247
54254482
54255768
54258737
54280509
54299543
54325510
54339338
54377847
54395695
54398150
54400067
54410469
54471802
54493497
54504751
54512437
54520094
54520379
54525284
54540132
54552602
54554605
54590969
54607236
54608887
54628026
54631627
54636274
54636709
54644454
54666053
54673258
54696059
54712166
54725906
54726776
54727664
54741553
54755074
54762380
54763580
54797580
54816321
54845576
54853399
54864808
54872487
54882735
54934786
54937117
54960594
54961925
54968614
54978987
55014810
55040834
55043000
55064118
55106419
55107604
55111975
55147901
55152328
55155899
55166698
55175040
55176771
55188620
55191043
55200063
55200615
55222065
55289023
55293031
55294570
55315010
55337859
55387620
55413192
55494847
55501705
55537033
55549039
55571171
55571797
55573000
55576919
55577143
55581566
55586912
55588900
55617869
55620175
55626365
55627855
55628824
55643440
55704482
55706640
55717052
55719660
55725878
55732125
55739125
55753533
55753660
55758112
55779680
55781496
55790042
55795351
55805213
55852565
55853347
55869304
55883212
55910158
55915350
55915439
55982909
55989216
55991933
56013487
56056893
56090903
56091388
56095737
56108818
56110791
56114201
56123389
56133244
56158175
56169914
56189463
56192176
56198574
56217361
56219489
56228961
56240267
56260670
56303931
56311600
56318247
56343597
56379287
56381619
56397088
56397492
56412564
56424838
56435972
56466338
56499680
56499863
56516145
56519090
56530858
56531241
56543327
56551539
56557214
56564606
56571248
56572306
56572559
56580235
56586103
56586972
56617481
56642277
56663773
56664410
56680646
56687947
56688829
56709384
56710509
56767427
56774521
56779891
56797605
56810290
56813620
56821718
56870776
56872026
56880320
56885339
56886812
56892992
56902212
56915179
56945964
56983732
57019956
57020028
57024359
57045364
57070544
57072150
57095687
57108818
57113542
57135614
57139043
57148367
57160286
57177366
57178684
57185412
57196893
57244424
57304866
57318838
57321765
57338812
57347715
57355250
57355768
57363723
57367500
57379460
57385343
57392647
57410367
57424207
57428249
57456350
57456744
57471233
57484059
57522166
57524314
57551984
57589060
57590998
57604236
57609460
57639014
57669128
57681393
57685836
57687235
57689531
57696785
57712531
57729513
57730801
57731214
57733353
57755028
57788183
57790061
57795207
57821570
57834926
57843574
57844822
57846881
57852429
57857877
57866176
57868759
57876686
57916491
57927807
57988757
58002401
58005369
58018944
58020309
58046673
58064358
58078688
58079614
58089919
58091355
58097116
58102799
58113064
58122033
58129477
58132519
58135542
58148562
58166602
58173577
58187461
58193593
58206161
58209978
58233391
58237372
58253173
58266749
58272844
58273833
58276882
58290214
58300088
58311405
58311602
58393614
58406411
58406955
58468024
58487967
58495035
58519798
58529167
58536399
58544239
58553033
58556432
58577603
58586391
58613193
58615730
58632901
58644571
58657564
58665069
58685914
58688521
58702926
58740084
58758111
58758952
58769306
58776613
58799170
58803594
58806458
58806976
58816310
58832178
58832586
58832617
58838072
58875535
58876653
58916682
58917565
58920626
58922644
58933237
58947326
58947742
58960890
58971257
58981456
58996456
59014631
59028375
59037753
59038657
59038695
59060709
59073521
59083517
59108575
59122697
59131261
59139200
59143279
59159510
59176090
59203718
59207670
59209421
59234970
59240151
59269730
59273581
59274516
59277599
59288058
59339745
59357084
59364141
59368522
59373248
59374496
59380531
59406192
59420198
59432005
59456035
59457054
59470784
59479998
59500448
59501377
59582041
59593319
59605868
59606913
59611368
59646563
59659148
59679410
59688294
59694047
59694770
59707513
59710567
59722462
59725332
59738804
59755035
59760840
59795579
59806123
59848457
59850154
59858387
59869588
59889110
59897185
59904765
59916670
59942603
59948256
59951907
60001323
60005822
60008924
60032248
60032800
60051601
60061082
60085816
60097599
60121720
60131572
60140724
60148051
60155258
60168074
60187895
60194079
60210554
60211465
60238448
60250699
60307361
60337223
60368295
60371965
60400886
60408986
60413593
60418718
60433281
60434858
60465637
60515507
60525315
60531698
60534665
60536793
60560951
60563959
60576045
60593758
60599368
60610286
60616272
60620652
60636349
60637196
60643987
60685226
60690313
60724721
60727019
60746281
60757664
60764688
60782863
60804030
60813883
60824040
60828611
60829779
60853616
60872105
60879429
60893834
60910684
60917079
60936931
60937727
60939729
60980127
60995649
60999158
61000361
61011021
61042034
61049202
61080555
61104615
61125772
61142367
61144655
61154227
61158353
61164178
61167541
61170168
61181191
61204413
61214524
61218972
61221658
61230414
61244987
61259985
61267900
61283087
61285174
61294704
61303251
61305488
61330186
61333913
61334316
61334374
61363298
61376647
61428627
61441116
61449922
61453336
61484221
61498054
61517007
61533568
61547147
61569247
61592731
61593836
61596589
61600197
61612433
61615456
61628369
61631171
61653668
61667265
61706281
61708817
61713807
61737363
61746405
61747768
61759873
61771959
61793756
61829726
61833293
61834061
61839501
61858798
61867252
61868638
61900135
61901828
61918565
61920558
61943193
61943622
61963381
61978484
61979058
61984066
61990646
61995638
62008349
62030736
62035718
62036141
62046504
62046763
62047943
62056593
62064059
62083729
62087474
62096944
62103063
62126203
62131602
62150419
62151734
62153732
62170893
62181463
62184771
62190341
62196167
62203084
62213549
62301690
62307350
62311968
62316240
62329335
62356999
62386684
62421621
62422224
62430197
62437762
62455221
62512798
62531580
62549202
62563200
62575017
62600808
62602765
62605198
62608433
62628332
62644038
62656239
62690795
62691825
62693298
62730241
62746785
62758803
62767913
62770977
62805279
62821354
62852228
62852991
62866774
62889783
62918125
62919530
62932210
62945524
62976525
62996338
63006529
63010625
63010839
63014709
63016092
63054321
63075691
63081275
63094211
63116237
63122643
63130565
63147822
63164211
63167856
63184569
63209134
63209160
63217067
63226802
63251171
63255772
63271470
63281799
63283036
63297993
63299175
63306015
63325698
63342130
63343058
63352231
63358456
63362834
63366509
63371311
63372282
63415147
63428825
63432743
63437299
63438263
63439179
63445365
63445909
63454551
63466776
63481508
63508414
63516199
63528327
63542100
63555982
63580406
63678429
63705779
63727754
63732979
63750342
63758209
63761331
63763662
63770386
63772295
63788994
63804118
63804355
63809377
63812573
63825083
63862878
63871811
63893045
63899313
63902237
63936662
63950592
63992690
64004908
64024060
64045337
64051765
64051864
64052578
64067201
64073639
64074644
64075197
64075829
64083676
64099230
64105479
64113563
64130862
64140839
64146046
64157540
64162268
64172357
64181335
64189140
64190010
64198240
64202822
64239312
64240064
64244949
64257360
64262666
64263343
64263785
64270738
64272899
64280238
64281696
64310011
64311987
64324077
64332151
64349964
64353607
64368258
64378150
64380122
64424947
64439701
64442037
64442073
64477578
64502903
64508442
64524693
64561301
64574397
64586796
64593852
64610570
64616702
64621191
64636118
64640130
64656148
64676905
64695602
64698397
64702798
64703306
64731329
64750419
64766587
64807507
64841793
64877773
64894929
64913465
64925177
64932847
64940134
64941908
64962689
64974499
65008810
65016579
65047239
65061677
65067446
65087687
65094076
65100365
65104162
65113815
65138403
65186250
65186404
65201037
65220021
65220355
65238574
65240116
65247161
65248957
65249094
65249589
65250494
65255166
65271083
65313313
65317891
65332532
65348362
65350446
65366958
65369110
65406531
65419550
65423238
65426432
65455790
65460839
65466307
65469034
65477418
65485955
65486213
65541912
65547529
65563898
65614571
65617492
65657480
65661839
65674983
65680976
65690915
65694133
65714617
65734228
65734890
65737073
65740131
65741115
65754623
65760263
65762067
65788040
65828913
65836466
65839214
65845513
65868314
65872462
65923326
65933598
66020500
66025819
66030088
66032821
66035815
66041937
66043501
66061000
66061323
66069264
66069837
66073606
66073614
66078102
66096268
66119758
66131851
66132668
66151880
66158051
66193494
66213471
66240334
66288072
66290863
66293228
66320271
66323372
66357538
66360337
66371833
66378097
66380747
66382685
66403074
66439218
66441334
66443145
66469162
66494728
66515259
66534018
66563521
66566822
66570144
66587357
66595692
66611193
66637842
66642518
66658396
66683446
66692686
66701961
66717461
66722492
66728432
66806748
66808268
66823915
66838049
66838204
66851213
66852778
66865724
66874026
66885527
66908733
66930447
66950368
66954599
66972395
66999013
67022037
67027168
67037561
67042073
67048574
67061715
67064739
67073037
67078836
67083887
67084791
67114265
67139071
67154632
67160825
67163201
67166790
67192776
67194586
67212614
67218925
67231774
67255962
67277512
67286668
67290095
67298254
67298861
67304498
67307406
67330726
67347822
67365984
67385223
67394078
67429157
67452032
67469530
67482681
67483297
67492989
67498388
67498990
67506797
67509049
67515954
67521675
67526665
67551284
67559290
67570497
67608855
67613446
67662001
67665430
67670232
67687280
67722295
67752352
67758281
67761059
67762178
67766159
67772066
67777569
67781657
67784522
67789023
67792843
67796359
67800628
67806966
67830126
67843204
67849473
67851651
67857581
67859964
67886018
67891930
67894104
67895819
67896785
67899659
67928565
67932910
67940699
67953278
67955853
67973695
67980199
67989744
67996576
68008469
68012677
68020436
68033003
68049080
68084132
68085624
68097050
68136159
68171332
68175022
68187672
68216935
68217124
68235336
68237350
68253312
68283854
68285053
68301387
68335066
68345711
68361093
68361980
68365368
68372086
68374387
68376030
68376812
68414999
68430776
68436475
68437001
68443614
68445192
68449430
68476678
68507301
68515917
68525545
68539571
68544596
68545938
68549190
68551702
68558252
68587366
68602967
68604832
68621085
68621756
68628284
68636579
68637913
68649382
68652946
68678013
68679985
68680120
68680457
68719447
68721456
68730181
68747999
68765971
68785733
68811959
68820768
68825008
68826846
68826930
68841219
68858519
68878574
68880223
68881800
68882202
68901811
68965977
68972571
68987569
69045552
69051979
69054316
69061211
69064126
69064250
69076024
69080125
69083948
69101131
69111507
69136938
69139110
69140661
69168672
69173753
69204060
69204071
69214959
69219459
69237825
69247598
69250049
69261529
69262118
69265393
69287487
69288047
69292935
69319078
69325083
69347045
69370745
69372370
69399717
69440607
69448218
69477000
69492478
69528521
69530186
69539085
69552543
69573120
69591979
69598234
69639434
69666131
69673264
69682442
69683843
69693924
69697659
69704919
69706089
69727810
69739793
69760642
69768015
69780801
69783361
69793995
69800981
69802731
69822793
69825366
69834456
69840296
69856946
69861271
69866901
69873789
69907574
69916800
69938991
69949783
69978754
70012454
70029542
70032184
70036599
70053161
70060319
70061930
70093172
70100895
70144251
70150610
70156168
70159645
70169853
70185559
70193215
70196860
70200172
70222822
70247908
70248653
70268060
70273403
70286090
70307256
70308308
70313770
70328675
70356341
70360860
70383362
70391706
70400611
70410102
70415041
70433324
70484273
70499758
70508035
70520319
70528192
70543970
70550889
70592669
70598239
70632424
70633023
70634709
70654482
70656093
70664730
70681083
70684955
70715709
70718548
70720473
70724204
70749426
70783712
70826459
70835026
70846087
70849493
70852371
70878892
70882206
70920441
70935054
70948567
70950025
70958203
70959628
70960930
70963141
70973100
70973206
70977884
70996049
70997690
70998456
71010380
71010593
71012462
71014154
71032196
71054944
71055097
71057680
71067232
71078640
71103082
71106336
71108122
71148965
71150305
71163730
71167021
71175123
71178841
71229773
71238538
71241473
71256417
71256671
71275155
71287262
71298585
71321294
71333941
71335069
71352967
71363998
71368330
71370108
71374182
71381240
71408920
71419237
71423793
71440155
71457243
71462890
71464568
71498760
71500139
71502276
71504342
71520509
71533358
71544176
71546366
71554269
71563346
71584496
71584777
71606266
71653129
71678817
71710382
71723033
71728989
71751490
71756353
71760882
71769240
71774245
71826301
71834973
71851571
71859898
71887447
71903264
71909277
71909842
71931018
71942825
71948230
71949979
71989407
72004113
72022270
72025784
72094412
72097339
72107895
72111322
72112405
72115576
72133979
72137164
72150253
72150594
72161327
72180429
72184698
72190161
72190344
72206400
72223549
72228615
72234961
72284252
72284579
72298375
72331897
72340237
72349961
72359754
72385150
72385244
72394524
72397056
72398529
72404954
72408445
72412648
72444635
72450647
72452874
72516121
72516892
72537608
72565186
72569220
72577968
72588560
72593754
72602220
72624309
72624436
72654347
72717799
72723927
72727978
72752189
72754950
72761324
72790576
72796947
72807540
72826624
72861862
72884454
72885552
72897572
72897757
72910916
72915787
72917162
72930348
72943949
72944034
72968504
72971424
72977932
72988637
72992146
72994424
72999886
73015731
73016667
73035157
73066482
73087359
73134952
73141675
73144578
73151946
73162819
73172051
73225431
73226705
73232611
73235236
73268235
73284199
73286047
73319507
73325167
73329095
73338558
73360794
73362187
73369498
73406160
73418932
73421159
73428047
73444251
73445910
73458739
73479575
73490161
73494176
73580748
73582530
73590547
73597174
73613934
73619279
73631435
73636141
73638092
73651130
73659772
73682022
73708680
73722985
73723010
73731084
73731740
73743351
73754086
73754893
73761652
73761737
73762685
73793830
73798329
73810441
73813552
73830853
73845407
73870257
73876052
73897068
73897908
73902349
73905027
73911599
73946777
73947946
73955205
73958300
73958312
73959933
73988005
74012518
74015161
74056299
74072955
74081177
74084786
74097282
74105680
74115938
74135794
74137043
74199341
74217691
74218422
74236129
74254921
74255024
74273989
74285771
74336897
74345414
74347632
74347889
74350650
74351548
74351819
74402718
74412867
74442528
74468512
74480213
74480867
74508405
74514530
74521198
74522643
74539401
74547219
74575114
74586006
74586182
74593467
74594771
74606899
74613586
74622366
74628527
74637562
74653492
74659611
74674497
74689012
74694669
74700743
74702826
74714551
74714714
74718017
74740687
74762207
74763610
74773446
74779704
74794814
74795817
74803757
74807016
74807565
74818594
74820020
74850587
74906474
74924088
74955419
74962969
74978087
74989173
74998867
75012873
75013639
75015552
75024338
75040687
75046950
75058144
75061619
75092679
75098612
75099663
75113859
75114165
75114646
75129582
75140595
75156630
75159522
75175116
75177859
75190270
75202638
75229295
75273706
75309608
75310374
75316020
75318548
75324488
75327221
75329108
75349738
75366547
75403741
75410454
75413608
75413929
75416144
75420421
75438445
75438912
75457390
75466017
75470926
75475845
75493543
75498601
75498626
75528842
75529461
75531924
75541780
75547750
75566999
75571603
75576215
75598205
75609809
75624464
75640932
75664592
75665466
75670681
75685068
75702136
75714790
75718280
75761227
75771710
75774913
75782754
75787668
75807926
75830509
75833810
75835711
75846438
75873139
75909932
75945786
75961187
75963487
75993309
75997449
76006308
76058772
76073614
76074916
76115402
76135833
76141174
76201878
76212106
76232689
76288613
76290909
76304450
76315530
76315878
76346339
76375888
76379893
76383840
76385346
76418513
76420784
76422894
76434661
76442157
76450489
76473163
76500093
76516363
76529954
76539801
76543006
76580584
76589781
76606378
76607781
76662567
76678483
76729195
76742978
76765027
76791555
76791831
76840758
76842625
76855278
76855692
76872323
76879199
76882717
76891862
76895904
76901266
76902040
76925368
76930009
76952489
76978106
76980925
76986017
77008755
77053857
77074470
77075978
77080273
77081519
77084910
77093272
77109442
77139693
77162941
77179805
77185249
77200915
77205610
77219061
77222477
77224856
77227101
77239515
77254837
77298536
77300065
77324240
77336576
77351491
77359187
77393307
77400115
77400394
77402272
77410623
77411855
77412367
77422040
77423681
77428731
77445860
77445932
77477431
77487403
77490839
77497289
77498980
77504173
77530251
77537651
77568315
77573155
77608127
77615252
77633238
77649101
77660509
77689641
77690962
77708006
77711743
77737696
77764085
77793637
77804497
77809575
77809721
77824704
77826014
77839482
77845823
77850758
77863015
77863333
77863606
77872305
77886151
77892759
77893401
77895672
77932464
77940833
77946241
77955901
77958544
77963554
77979955
77989163
78003399
78023025
78033557
78040410
78050165
78056228
78066295
78083090
78105706
78110816
78126706
78132889
78138421
78160404
78162473
78163884
78169059
78180842
78183988
78187531
78193766
78194659
78197702
78203972
78224016
78239745
78240264
78243808
78251318
78261612
78292623
78298409
78306584
78315265
78318273
78343248
78352758
78415555
78422937
78440959
78473824
78478358
78480444
78481520
78503725
78519965
78548711
78559481
78559770
78561469
78576095
78584844
78594416
78601488
78606891
78616714
78627379
78628751
78630761
78658086
78660393
78679638
78680091
78704586
78721003
78740627
78749514
78755978
78778803
78783817
78787427
78825123
78831816
78837021
78856564
78882884
78883257
78894330
78915663
78944907
78951890
78957037
78959264
78980030
78994984
79002326
79009492
79039473
79045344
79066176
79073302
79096937
79121126
79155465
79160043
79162872
79165218
79166264
79167592
79190282
79205779
79214455
79226508
79229147
79235889
79249481
79265166
79266392
79270078
79273138
79292251
79307662
79319567
79324841
79326566
79334123
79345486
79348905
79368059
79387233
79395612
79398443
79400370
79428595
79437057
79446025
79453109
79456353
79480614
79503140
79507546
79520273
79522130
79537096
79539782
79542434
79543645
79590183
79600866
79605921
79607237
79650400
79651595
79654455
79664264
79679858
79682159
79701789
79706538
79718693
79727569
79741612
79746043
79753024
79765656
79766576
79781559
79829829
79839134
79851010
79860539
79861238
79864317
79892303
79910031
79957405
79958737
79964448
79991071
79997658
80016289
80021327
80027109
80032403
80039132
80044907
80047598
80065695
80070570
80094220
80095810
80124226
80140380
80156480
80157420
80183338
80189855
80190977
80196530
80214674
80258213
80259612
80272769
80277775
80277882
80282792
80282811
80290900
80302825
80309264
80314258
80338424
80342538
80350236
80366778
80368648
80374671
80379131
80386430
80392130
80399104
80399391
80402275
80405076
80408783
80411339
80420996
80497613
80507589
80513966
80525461
80527536
80579834
80593084
80593507
80614666
80616210
80634346
80635396
80644149
80644502
80651427
80672910
80683240
80689699
80704616
80705122
80709346
80713631
80719301
80722763
80735770
80753323
80774674
80784255
80787202
80799905
80800014
80806601
80815882
80816464
80831168
80834442
80836653
80841394
80843288
80863572
80863897
80872487
80872920
80884525
80891606
80920992
80931424
80939867
80943111
80960435
80968605
80980051
80987735
81003671
81006271
81057267
81063067
81071269
81108990
81116238
81126944
81127283
81140442
81147532
81179803
81179992
81213119
81218333
81230089
81243646
81272078
81284328
81314463
81315426
81324065
81336756
81382965
81390527
81395806
81400638
81401646
81408289
81411783
81444214
81458601
81462755
81511055
81527381
81542178
81549790
81580122
81597622
81601382
81602359
81608928
81609581
81621294
81635123
81645724
81656756
81676411
81679227
81683068
81715440
81720905
81722381
81744758
81804465
81815441
81817446
81825329
81836584
81868434
81904411
81908545
81915111
81921911
81943297
81966234
81993866
81999110
82005130
82009480
82041519
82046672
82063704
82069318
82078361
82101951
82117493
82144126
82145147
82167219
82184227
82188591
82216027
82218680
82234342
82238695
82278105
82278283
82301748
82308296
82312058
82322986
82328472
82337163
82344835
82345748
82403820
82425724
82442678
82456304
82457307
82474235
82492498
82535766
82542888
82555073
82578773
82586500
82588434
82607960
82610596
82616215
82625621
82628952
82654829
82659370
82661479
82662764
82679967
82680330
82683446
82700153
82729898
82780868
82782915
82797674
82811019
82813853
82831105
82839219
82839411
82843919
82856075
82863971
82877780
82878659
82883278
82884386
82898729
82910518
82911928
82930599
82949585
82967884
82973555
82979440
82984535
82995896
83036943
83039179
83049332
83071909
83073842
83079456
83082679
83086155
83093719
83115078
83123814
83144479
83149558
83178215
83181734
83183830
83189835
83232741
83240042
83245545
83251304
83275691
83284774
83377240
83390181
83399167
83410799
83410974
83411187
83414961
83446007
83453933
83461058
83497673
83497811
83499549
83500261
83507032
83555615
83574724
83591905
83593268
83598239
83600283
83601159
83614599
83626126
83646617
83647821
83649123
83665953
83672608
83760244
83777504
83786120
83890121
83891046
83912349
83924055
83952955
83961198
83969520
83972873
83973108
83981170
83995678
83997229
84029563
84032405
84039773
84055783
84105329
84130714
84149865
84151660
84156992
84176555
84188650
84205433
84236141
84241448
84261491
84263646
84272287
84277186
84297723
84300970
84306538
84315653
84328077
84341217
84375450
84377213
84381235
84399678
84408182
84420271
84463630
84473148
84479772
84501916
84511723
84513208
84533618
84542838
84578546
84588471
84604180
84622747
84630481
84647396
84678564
84695704
84697244
84719059
84739293
84754899
84764648
84765375
84778370
84792885
84817068
84839522
84851467
84852126
84877078
84877438
84902892
84911813
84914359
84942625
84944827
84948930
84964720
84968134
84990997
84991740
84999409
85006956
85032406
85054544
85070960
85079812
85089832
85100929
85105023
85123099
85135729
85143139
85163681
85184469
85185652
85223608
85257108
85267963
85272766
85291404
85316563
85319182
85323966
85329859
85336676
85354156
85357439
85395950
85404581
85427658
85439702
85449459
85474191
85496115
85497196
85503210
85516944
85526922
85561004
85562580
85614032
85618639
85624035
85657400
85661867
85668512
85686440
85709331
85714203
85747813
85748782
85770765
85772236
85788576
85792284
85820428
85835897
85842930
85876549
85922215
85936368
85940198
85943757
85953238
86014161
86019307
86040621
86069080
86077903
86081324
86088540
86092768
86101347
86107983
86112503
86123874
86124211
86137329
86151678
86167791
86168382
86182235
86197200
86217012
86235050
86240326
86241144
86291354
86293494
86305504
86327146
86331739
86334984
86339251
86341447
86345435
86352926
86358423
86380251
86396480
86397007
86426289
86447928
86453887
86461625
86464883
86491946
86512276
86571459
86578594
86578655
86620127
86631432
86644172
86650008
86670746
86677328
86683452
86698499
86716595
86726925
86780561
86798218
86800635
86802161
86809693
86815756
86821637
86840103
86840366
86842817
86847886
86855498
86866497
86883421
86884584
86887987
86902526
86904640
86907467
86920312
86923328
86943915
86944070
86948267
86965579
86972231
86972855
86976668
87001135
87004322
87012841
87026318
87026532
87028882
87041752
87048283
87050966
87059425
87060601
87088684
87089839
87090318
87091434
87092839
87102662
87118685
87125733
87126333
87170071
87194612
87226489
87276961
87277000
87280478
87288671
87309254
87322143
87325127
87356702
87357874
87383720
87385571
87389430
87397007
87404929
87405277
87418709
87426509
87428994
87429004
87447298
87467467
87468086
87472029
87483638
87510896
87517643
87520616
87522099
87542314
87592323
87608021
87617286
87619675
87624086
87636512
87647505
87678073
87696992
87697237
87728078
87759799
87760917
87765860
87777439
87804739
87819847
87850991
87870977
87871280
87881223
87881416
87885204
87916887
87923506
87951219
87951857
87959653
87966123
87975482
88006334
88011227
88028330
88033554
88051055
88109709
88140482
88156650
88161796
88163799
88165568
88172778
88184750
88205847
88223632
88227020
88250633
88255964
88265389
88284982
88289285
88335230
88339037
88370688
88382984
88383069
88388241
88398003
88406700
88408138
88416486
88455970
88458754
88459467
88483394
88487275
88495894
88502535
88504046
88509941
88513647
88516571
88517960
88538143
88561388
88586129
88590220
88594146
88622346
88644190
88650894
88666770
88671984
88675170
88689387
88716687
88730565
88731061
88731429
88745705
88749814
88751442
88752769
88756662
88770343
88778254
88781776
88786450
88881261
88885470
88905158
88913001
88917609
88974514
88984874
88996213
89052160
89055176
89060217
89101282
89111835
89125199
89126590
89127323
89135755
89167488
89168625
89185598
89189583
89199422
89210592
89213883
89226981
89241558
89249210
89283872
89284518
89312777
89324054
89422167
89434961
89437682
89449743
89462212
89473614
89488641
89492899
89528313
89529498
89535772
89551861
89553597
89576738
89582535
89590094
89604610
89613729
89642733
89652180
89653881
89655170
89673744
89674513
89686733
89697451
89701930
89730785
89731203
89733335
89736633
89745197
89758468
89770539
89776917
89778655
89790956
89831483
89835680
89839597
89846794
89855005
89863214
89868647
89883270
89886927
89893681
89894917
89903153
89908958
89914937
89925940
89942582
89957499
89960058
89962002
89989709
89989904
89992596
90004586
90006439
90013087
90033301
90066488
90074792
90091369
90095795
90119460
90136822
90144549
90176415
90179825
90191370
90215159
90225848
90242994
90244433
90245571
90246826
90247229
90273173
90275852
90294343
90309276
90323032
90324743
90334799
90344445
90353629
90359371
90377119
90435453
90449319
90464419
90478341
90479556
90492239
90520902
90544291
90568020
90582626
90598124
90601883
90616041
90618229
90618481
90620353
90631030
90639625
90652545
90658487
90669168
90740780
90754074
90774321
90774694
90786419
90812410
90813900
90814519
90818256
90819115
90853066
90859578
90860155
90864031
90864718
90881377
90885944
90891197
90891835
90892684
90912301
90912325
90928213
90928229
90930056
90942548
90942890
90954011
90958207
90960667
91029439
91042698
91043464
91057738
91065878
91070748
91078021
91092542
91133926
91140701
91153340
91159863
91213570
91215569
91248747
91252061
91261536
91285259
91295065
91348351
91376226
91384574
91392597
91401875
91407517
91411392
91416065
91427055
91444306
91447371
91449453
91451931
91457827
91459647
91474076
91474748
91482743
91507713
91540773
91557768
91564281
91567121
91590208
91596454
91598107
91612188
91613347
91618983
91629747
91632993
91662262
91673458
91689256
91712559
91720437
91727883
91732225
91746964
91753030
91771357
91777601
91779864
91804534
91818384
91820221
91842076
91851105
91873908
91873918
91876746
91884383
91893325
91898483
91906191
91909593
91918789
91962410
91972334
91980693
91981285
92005315
92007869
92035728
92042180
92045141
92066657
92075025
92076454
92080955
92082502
92119130
92127245
92128570
92129153
92132131
92137160
92151494
92162985
92174150
92175011
92190530
92193884
92194869
92195335
92213556
92228594
92233893
92242217
92268982
92293985
92316682
92327143
92339306
92346200
92364350
92366589
92367593
92368458
92369024
92373700
92375020
92384214
92395279
92402367
92442096
92443484
92457105
92474107
92479907
92482033
92489995
92493340
92496439
92498548
92534784
92553175
92567190
92573899
92583067
92611001
92631333
92658539
92662872
92675625
92699308
92716797
92716998
92717451
92739912
92740273
92740536
92762200
92789701
92800432
92820855
92822468
92827164
92832721
92860597
92862487
92875434
92876465
92913025
92916259
92916725
92930655
92965522
92969625
92984040
92985596
92988719
92999276
93058411
93061536
93085624
93120809
93133542
93140644
93146324
93154573
93163730
93244622
93249166
93312372
93315351
93320561
93321872
93328709
93334332
93343070
93353564
93354883
93358849
93397709
93411521
93435075
93472330
93481703
93498349
93500890
93513611
93514607
93517964
93526444
93529660
93535900
93551065
93557476
93563560
93588566
93593226
93595729
93623057
93631227
93672839
93674306
93713041
93717222
93725227
93728304
93740850
93752035
93762917
93768588
93780995
93783876
93786673
93827724
93827724
93827867
93840164
93843756
93855131
93857601
93859568
93860683
93861918
93878059
93884820
93893842
93894275
93901743
93927245
93933524
93964421
93970901
93986289
94043681
94055585
94077868
94078202
94095284
94100242
94101991
94105850
94111867
94115721
94124308
94135496
94136580
94158153
94199015
94220498
94235353
94280927
94291971
94298991
94301947
94311191
94316470
94317382
94327497
94382153
94390568
94419170
94421126
94437564
94458489
94461694
94466333
94485570
94507771
94515070
94524604
94529430
94530417
94538752
94558575
94566196
94589069
94628992
94674312
94679826
94684346
94691470
94715735
94723665
94761834
94770411
94776997
94780731
94783501
94791190
94792938
94832094
94841007
94846339
94848500
94875184
94880324
94899595
94930585
94935091
94937736
94940604
94960684
94970655
94995288
95005350
95013674
95021595
95029148
95035639
95038808
95044888
95051756
95052091
95055053
95055862
95057781
95061737
95085078
95089420
95094127
95109568
95129198
95150337
95229897
95232990
95234220
95237279
95242184
95242873
95277177
95326591
95357592
95370508
95378293
95399663
95401588
95416533
95428360
95504293
95504750
95505557
95507171
95523352
95568622
95584938
95593419
95650511
95672858
95685435
95706462
95709115
95712056
95717713
95719948
95742968
95757108
95783664
95791184
95791522
95795237
95829970
95838440
95839001
95840533
95848356
95856211
95874797
95877998
95900088
95906140
95935836
95959836
95962568
95980262
95983505
95992345
95994831
96022923
96027752
96030803
96031866
96048040
96065841
96072935
96077318
96090773
96097155
96101096
96107690
96114401
96125621
96129833
96142738
96146650
96154947
96170620
96208718
96215846
96233337
96277053
96303715
96359467
96360131
96369240
96372519
96383107
96385667
96400296
96407022
96411468
96412432
96420042
96422362
96429125
96429842
96436072
96447046
96447349
96453158
96484096
96484579
96486680
96491562
96491678
96491803
96502396
96508877
96543399
96554525
96568932
96576471
96602550
96629099
96632159
96639558
96648256
96673432
96686278
96732321
96741510
96747755
96750810
96754750
96779981
96790536
96810243
96812564
96827642
96837784
96846189
96849134
96854519
96882735
96883129
96883442
96890867
96927989
96970853
96970970
96975663
96978599
96988461
96991449
96998914
97008030
97009380
97049926
97064621
97065516
97071657
97076130
97087890
97093814
97096297
97114268
97130556
97142645
97186763
97206295
97247140
97270585
97310798
97333536
97350030
97354484
97371797
97409551
97448309
97458125
97463539
97471605
97471846
97497351
97521861
97531038
97534384
97545570
97551786
97567219
97574994
97581775
97591017
97599160
97617723
97661255
97662086
97680669
97682590
97697024
97716253
97723261
97725054
97757022
97757035
97768009
97775884
97784202
97784573
97798459
97807355
97821904
97822937
97837471
97840872
97846177
97861443
97875437
97885207
97904251
97905486
97908892
97933848
97948777
97953192
97965402
97967656
97968667
97971101
98003602
98005058
98019109
98030201
98062439
98064185
98079634
98086532
98106052
98113374
98125741
98174376
98177392
98191218
98193663
98208943
98240911
98241790
98246784
98266226
98298409
98300672
98304463
98323372
98327555
98332977
98335810
98353063
98354569
98354849
98357074
98364810
98370911
98381662
98387023
98389374
98395402
98398273
98399570
98401406
98407902
98424188
98442742
98463939
98464835
98467874
98486112
98533461
98563033
98569527
98576341
98579671
98587565
98626622
98627666
98637776
98644115
98652805
98654781
98661689
98667105
98670140
98676091
98677118
98699975
98710896
98715733
98717422
98731513
98735198
98736744
98738963
98743579
98758456
98784758
98790121
98807679
98817887
98817906
98830850
98868645
98880715
98892967
98909589
98920520
98934259
98940733
98946864
98953667
98987654
98993260
98997460
99000066
99009362
99024797
99052758
99079454
99082504
99108255
99133627
99148639
99163490
99164965
99175038
99181999
99194583
99196355
99225693
99232361
99233884
99235217
99270953
99271713
99296058
99298742
99316923
99320009
99333335
99349340
99353320
99356132
99366237
99397701
99399982
99423065
99424597
99435807
99436490
99442211
99461324
99467159
99471237
99473204
99499479
99536026
99588304
99607880
99625046
99638624
99656063
99659366
99661473
99665934
99673358
99677803
99680182
99697127
99705479
99728713
99740818
99740979
99744862
99747710
99760063
99760709
99775485
99776472
99784096
99789462
99837799
99871833
99873952
99881869
99908619
99913383
99933922
99937516
99946698
99947997
99951235
99979286
99991149
99999892
100001886
100012311
100013613
100029689
100033115
100046877
100049071
100052065
100077283
100100522
100132847
100157252
100171076
100172597
100177008
100201121
100208021
100211988
100242988
100268608
100272487
100277664
100278598
100281368
100287939
100294437
100330647
100341359
100353013
100376282
100378810
100398885
100405504
100439643
100445205
100448006
100463028
100463308
100466758
100482282
100500481
100507900
100512013
100517745
100531505
100554379
100576309
100580307
100592008
100597494
100598430
100610270
100614820
100624182
100644955
100649622
100675335
100692903
100699000
100722122
100744685
100746575
100757768
100765683
100768256
100791245
100791499
100794605
100794644
100798147
100807882
100818361
100820345
100834391
100897778
100907474
100975787
100988621
101016888
101030850
101050514
101053358
101059895
101073098
101080799
101091904
101092206
101099480
101117752
101130461
101131783
101136984
101140627
101147928
101148417
101148740
101164695
101166342
101206256
101211936
101216467
101217939
101243776
101246704
101253680
101286988
101290240
101321010
101328326
101332092
101349655
101353037
101384724
101390250
101390577
101392512
101408121
101424698
101430431
101445496
101471738
101478913
101482801
101489009
101498609
101511938
101519440
101531464
101546829
101548296
101587747
101594076
101600770
101605502
101617381
101627664
101630896
101651221
101659385
101661794
101727107
101731039
101733598
101740577
101743569
101748539
101760671
101765291
101791394
101791746
101802832
101820665
101832977
101836970
101839581
101848050
101849352
101852711
101880005
101880373
101911279
101917874
101936143
101949478
101954755
101956545
101964938
101968228
102004201
102005180
102034913
102044911
102054505
102070108
102078751
102104335
102111787
102122589
102125615
102142933
102148202
102199943
102204071
102204669
102211386
102215054
102225909
102233579
102238105
102274690
102294891
102309664
102318317
102336779
102363687
102367634
102385859
102404482
102417001
102429583
102445357
102446804
102447767
102464580
102504745
102508655
102520114
102522761
102530658
102557163
102558620
102566974
102573367
102582470
102586565
102588258
102588827
102596362
102609885
102612099
102636323
102648535
102657973
102666557
102687002
102688204
102702423
102728070
102745504
102748968
102762075
102778085
102786421
102822472
102841725
102869033
102888670
102892709
102898907
102901623
102906953
102924256
102924862
102929647
102968198
102970838
102982255
102989309
102995508
102995530
103033694
103049629
103096813
103118003
103123043
103142827
103146550
103151080
103159635
103166609
103169660
103171868
103178762
103206194
103206498
103218835
103219051
103225647
103229230
103229832
103256097
103282714
103306007
103307992
103318624
103330082
103338204
103357982
103374501
103375356
103383896
103390919
103411569
103413663
103445398
103445651
103447985
103449900
103452992
103463823
103474464
103481609
103496391
103518075
103530286
103534406
103535099
103555962
103564431
103571235
103597015
103597206
103598297
103612422
103624729
103632890
103633685
103638219
103645017
103646660
103683633
103710607
103718283
103718339
103724363
103732242
103735447
103751262
103756527
103807350
103813551
103820538
103855509
103870788
103892191
103894473
103895250
103904647
103929527
103949406
103965152
103974020
103990805
103995778
103997459
104009619
104019816
104037831
104044249
104049793
104059291
104074079
104097058
104116190
104164695
104171670
104176676
104177690
104184728
104191675
104256121
104262296
104295969
104303356
104304668
104314188
104326714
104364724
104368948
104399655
104405710
104415195
104439572
104440364
104444685
104457567
104477047
104484512
104502195
104536803
104538333
104538791
104542063
104543457
104543946
104551035
104563530
104564826
104578183
104578947
104588615
104599484
104604466
104607016
104643157
104644784
104668067
104685112
104698458
104718385
104728971
104736361
104738310
104756790
104776899
104787941
104796212
104813802
104828607
104834438
104838548
104839713
104839755
104850408
104858340
104872817
104886832
104891078
104895763
104920431
104942538
104964532
105048088
105048591
105048855
105105597
105114378
105120675
105133501
105136463
105152457
105156449
105159576
105166563
105202706
105212006
105231837
105244868
105252185
105262237
105271632
105280772
105280988
105301099
105342352
105366644
105373822
105456273
105458177
105471263
105520558
105525149
105536068
105547308
105559631
105592428
105605872
105608406
105623937
105671842
105677596
105714585
105717616
105739413
105774208
105824265
105827376
105850673
105875100
105884895
105896353
105897168
105911092
105923457
105939124
105943212
105944532
105950593
106015814
106020878
106037682
106044007
106046250
106051937
106095376
106102386
106114381
106135046
106136268
106141971
106143968
106169419
106170033
106202657
106218899
106271231
106271990
106274643
106280962
106286167
106291341
106293877
106316267
106329575
106339141
106341852
106353334
106361557
106367001
106376259
106385553
106393038
106397813
106437170
106442775
106476221
106512048
106524965
106532361
106533283
106548494
106553570
106555607
106572462
106574620
106589091
106593769
106611084
106613955
106624029
106633611
106636404
106642352
106642519
106647771
106649904
106664579
106676042
106688983
106692031
106779338
106808089
106824340
106831364
106832890
106849286
106883167
106901623
106927295
106939822
106955813
106957664
106970266
107038754
107069452
107078633
107090903
107090989
107110547
107110795
107157977
107185816
107190424
107214946
107223291
107244942
107257827
107259420
107275548
107277918
107303472
107309070
107309364
107342656
107355149
107361983
107367303
107415929
107444331
107444729
107456575
107468798
107470936
107481065
107491429
107509154
107509711
107515917
107526239
107534730
107544339
107554140
107556980
107566163
107572410
107578957
107581293
107640839
107673079
107715065
107718102
107757844
107770987
107777795
107780116
107789668
107800242
107800552
107831469
107834349
107840523
107850663
107874684
107878900
107879536
107887723
107903002
107925651
107929031
107942304
107993143
107993877
108028049
108044206
108053770
108056340
108056896
108068708
108094851
108102645
108105436
108108231
108123494
108124716
108135126
108153341
108167277
108199170
108235565
108242125
108242143
108273085
108278634
108284295
108294075
108298899
108327468
108351324
108354845
108365481
108367476
108374482
108376536
108390971
108415473
108418494
108431863
108433290
108473296
108474000
108486246
108494365
108504447
108514613
108526600
108541577
108543148
108554503
108575681
108586210
108589765
108599742
108615551
108622971
108636568
108636886
108638861
108646844
108675751
108698800
108709308
108718631
108755092
108759003
108772556
108776439
108779372
108789149
108818053
108822967
108833103
108892800
108898132
108919340
108942231
108944640
108952642
108963886
108965792
108977710
108980935
109014128
109026237
109032103
109034159
109042645
109045166
109045576
109049626
109052012
109070025
109080245
109094217
109102666
109110360
109111198
109114027
109124611
109133831
109141200
109143483
109143909
109147802
109149160
109156563
109182121
109182976
109189617
109205185
109222331
109252285
109277977
109278529
109299240
109311612
109322193
109335967
109374835
109376828
109384782
109404472
109437155
109456549
109458812
109462282
109476134
109494403
109506721
109506724
109507485
109512437
109521546
109537500
109571730
109585641
109612326
109659273
109672875
109694281
109694287
109695560
109696825
109704538
109726067
109744199
109759361
109769032
109779591
109794396
109807578
109840889
109846922
109850707
109852168
109856715
109859586
109869453
109898396
109903849
109905079
109913781
109914680
109916283
109948417
109956015
109975049
109993356
110006996
110015941
110017107
110033078
110062636
110069841
110095948
110103187
110124353
110132375
110132380
110147156
110148050
110160637
110172000
110193343
110195759
110214914
110234800
110254195
110273865
110277045
110285637
110328231
110365870
110371579
110374194
110388638
110390224
110396391
110401747
110402742
110421975
110429546
110439106
110442967
110490149
110493850
110541947
110550845
110570897
110586111
110588507
110591685
110597843
110604065
110605738
110622421
110633542
110650283
110657347
110658675
110682600
110698572
110706639
110709103
110734207
110735448
110750779
110769004
110777517
110783819
110792323
110800714
110814169
110823690
110832132
110839884
110841446
110855395
110863850
110890981
110907323
110909032
110914012
110917936
110928366
110935118
110935231
110935684
110939410
110941555
110968202
110977163
111006481
111008608
111010787
111028936
111050304
111064149
111070049
111095881
111123923
111124667
111128904
111131908
111133854
111134083
111175050
111175223
111194239
111195302
111218603
111230803
111238712
111258125
111268264
111271858
111281156
111292380
111292687
111320599
111384972
111405728
111415438
111422041
111426617
111430284
111431968
111437794
111449715
111450104
111460018
111479026
111488594
111502275
111502366
111505018
111509401
111510828
111538126
111557747
111567774
111571454
111579556
111584910
111601081
111618998
111619037
111624324
111645753
111648502
111659210
111665230
111691643
111699598
111713761
111732628
111734093
111764337
111764877
111765383
111776228
111778221
111780595
111786493
111789381
111801670
111802777
111809364
111841673
111850170
111854270
111864642
111870882
111878125
111881403
111900179
111902372
111905837
111910175
111919200
111938391
111948440
112023588
112024400
112030761
112037543
112082963
112094597
112105826
112116549
112128769
112155075
112176552
112179922
112187708
112194319
112201296
112230783
112231437
112235281
112240343
112276282
112302009
112305937
112308543
112309304
112317306
112337573
112364671
112371290
112371622
112427654
112432841
112440500
112441718
112457585
112462017
112485561
112485973
112486519
112489297
112580435
112598063
112611525
112621312
112628441
112632167
112655867
112656381
112678541
112693565
112698479
112700603
112705323
112711692
112718920
112720995
112732436
112751171
112755486
112764794
112766983
112767331
112770520
112773438
112776219
112824239
112850136
112894651
112897811
112902587
112907832
112910949
112922379
112930140
112941664
112945828
112951768
112952965
112976116
112977864
113028855
113050453
113085168
113086871
113090310
113132197
113145225
113150621
113174438
113176106
113177936
113178602
113186526
113193430
113220608
113236052
113256776
113278880
113341977
113381021
113385644
113401634
113424195
113450234
113450952
113453469
113456884
113463846
113488857
113505650
113514403
113551886
113567830
113570624
113579115
113622716
113630217
113648475
113676991
113679931
113686814
113687554
113694561
113708172
113709113
113709819
113714749
113716330
113733375
113738094
113756659
113757054
113765973
113767518
113772022
113772942
113790615
113794224
113794272
113830221
113858399
113880061
113928614
113933188
113943247
113963873
113983674
113994253
114004854
114015847
114019349
114024048
114032422
114038326
114045749
114071884
114082035
114108794
114114974
114123963
114140319
114144849
114161896
114204697
114214533
114217997
114237044
114237316
114238792
114240278
114240385
114240644
114249484
114264698
114282796
114302781
114305415
114319004
114342501
114349143
114381021
114386889
114389747
114391617
114411371
114439052
114444049
114463978
114471031
114472634
114487726
114496637
114498678
114511510
114518420
114552594
114579077
114585731
114594029
114598782
114603020
114609690
114616159
114620773
114672566
114697194
114726030
114730469
114740582
114759379
114760422
114816545
114819013
114828556
114860359
114887049
114900047
114905023
114913876
114932570
114942027
114964495
114968307
114970009
115031686
115037516
115037925
115038801
115050289
115052550
115073221
115075397
115111999
115113175
115118139
115143614
115171868
115178974
115196077
115202151
115217564
115226471
115229270
115232761
115239888
115265537
115280604
115287988
115305621
115310492
115335062
115335343
115339873
115343364
115349771
115355190
115359027
115367846
115379727
115386274
115387649
115407374
115415540
115428834
115441000
115449743
115450056
115455388
115471130
115472075
115474771
115524475
115526215
115539975
115550556
115554882
115558947
115564649
115567008
115572429
115583749
115597289
115624761
115634538
115680763
115702038
115708203
115708929
115737944
115747582
115753912
115777371
115785254
115794179
115799232
115803644
115804221
115809051
115830764
115843064
115912276
115930030
115944573
115964217
115967908
115973532
115989532
116024943
116031961
116037113
116049279
116051864
116052134
116055712
116062319
116081248
116087908
116090125
116098852
116156269
116157591
116160478
116205944
116212015
116213282
116244723
116244829
116261444
116265835
116281582
116281924
116287203
116289304
116300986
116301082
116320885
116327931
116347646
116361448
116373827
116374545
116381241
116386098
116410383
116445233
116461320
116480903
116485089
116485847
116496228
116502209
116521642
116557500
116569601
116570704
116579526
116602685
116606154
116649324
116665779
116676887
116679628
116692655
116703495
116707421
116713084
116718397
116734078
116735687
116803009
116812927
116832210
116834544
116871791
116894632
116913942
116938097
116940227
116941298
116950408
116961207
116963846
116978768
116978895
116986966
116987178
116989157
116996314
116998314
117003169
117008040
117021350
117045533
117050544
117054598
117063841
117064341
117076597
117082825
117085896
117112727
117122525
117140890
117160499
117181443
117193375
117226081
117226880
117238102
117263242
117268038
117279156
117302086
117320984
117326432
117335476
117338136
117350891
117361966
117365741
117380895
117383033
117393146
117393450
117405118
117409892
117411640
117467727
117471880
117478535
117500376
117507365
117520964
117521265
117531939
117541535
117541561
117542669
117550752
117580713
117580781
117581703
117585487
117608594
117625835
117631518
117632294
117635814
117649871
117650643
117685862
117700875
117711606
117735493
117744446
117745881
117809453
117822251
117839178
117846069
117854571
117859871
117861062
117908561
117919974
117923683
117970006
117971283
117973235
117985908
117989572
118003441
118024474
118062898
118067941
118079119
118079377
118084834
118089885
118104691
118128724
118147561
118187608
118202706
118211026
118217050
118218796
118220708
118237001
118244320
118245271
118245281
118247475
118258334
118270698
118294034
118354399
118363768
118377104
118380087
118404173
118439450
118489932
118500266
118504324
118508753
118517258
118518718
118523155
118536891
118541881
118562042
118585597
118590616
118615730
118622292
118635935
118638633
118642844
118673602
118688567
118689512
118690915
118692362
118702793
118724113
118730685
118745384
118750595
118753537
118758137
118799633
118804587
118817309
118845745
118887983
118895694
118900576
118926206
118931540
118947244
118970000
118982951
118984778
118986747
119015981
119020035
119040936
119047360
119055294
119063938
119073349
119077014
119099284
119108936
119110017
119112328
119126507
119156832
119183958
119186290
119214835
119223467
119226129
119248990
119249668
119256024
119275157
119301267
119301491
119317702
119329970
119369425
119375997
119399273
119408816
119424049
119435034
119439725
119446244
119460347
119477901
119511747
119514860
119537533
119554701
119566968
119567715
119585672
119616229
119624215
119634705
119653781
119662552
119665383
119669694
119676721
119677410
119678383
119689782
119690872
119697154
119717590
119718980
119727600
119731526
119740640
119751417
119755991
119756033
119771929
119781251
119790122
119791623
119796332
119832884
119844205
119846869
119858022
119861424
119874032
119874526
119879526
119881952
119889320
119914449
119925891
119930170
119942200
119942997
119943528
119964363
119965595
119965933
119986512
119994076
120004462
120015232
120025876
120040575
120058816
120065691
120085023
120117704
120148729
120191631
120193710
120217520
120220084
120233161
120241841
120270987
120278275
120278559
120311582
120324198
120331527
120336881
120338497
120341252
120355602
120379089
120404089
120413763
120414911
120429610
120429661
120435668
120442438
120463024
120463829
120476881
120492655
120492743
120517426
120552658
120595087
120606331
120607829
120608612
120615902
120628141
120635176
120636872
120661642
120670879
120671231
120680643
120698386
120705611
120725938
120755802
120758404
120768700
120775406
120798809
120808608
120813908
120864685
120865912
120873689
120884882
120896553
120915351
120917755
120924463
120928272
120941435
120942780
120990440
120998093
121004594
121004883
121006070
121010488
121013969
121017337
121057456
121069538
121077842
121095411
121125713
121131599
121143389
121147357
121162929
121169491
121172215
121181261
121188592
121202288
121205289
121209632
121249125
121256313
121273470
121287380
121288961
121292588
121297129
121300114
121318807
121320105
121347269
121356209
121364749
121390616
121390955
121402250
121417573
121417940
121451442
121451918
121474648
121483433
121484928
121557433
121566188
121588885
121597560
121603274
121618165
121622778
121636380
121661121
121690727
121691857
121705047
121727903
121738150
121741367
121758301
121765131
121772362
121774726
121774802
121788228
121836168
121871171
121893970
121906280
121917117
121920924
121921098
121937884
121942013
121968252
121990892
121991336
122002710
122009805
122017404
122035820
122047895
122053256
122068661
122095943
122101564
122122998
122134647
122143814
122156386
122161440
122162808
122174252
122176297
122183300
122192633
122202061
122203820
122204359
122209482
122228412
122237637
122242502
122254249
122265344
122271332
122279679
122291307
122302477
122306708
122308200
122309518
122329534
122329908
122331196
122351441
122392460
122404903
122406845
122420930
122432282
122460099
122461136
122467482
122473775
122478063
122494876
122509553
122511088
122519283
122523527
122534261
122566641
122586761
122663060
122664573
122673641
122675993
122680000
122693712
122716465
122742261
122753454
122755338
122762062
122771940
122774990
122778465
122783194
122786955
122797183
122815502
122840917
122876308
122880789
122881228
122891974
122893487
122917470
122917526
122935375
122940932
122942362
122980330
122983946
122992034
122995250
123005231
123024283
123035840
123053789
123061834
123072745
123077788
123082204
123098798
123101363
123108704
123121943
123138397
123139129
123206243
123212266
123222487
123224493
123239894
123240283
123255486
123274354
123288626
123301342
123322782
123326722
123328059
123331131
123335818
123338802
123343600
123348164
123349065
123355064
123367436
123371985
123379122
123393252
123435741
123441391
123454055
time: 0.000725 seconds
