106465043
11060958
57667743
89729973
39913540
47239111
119912035
9479612
15283318
82392107
7942515
74578728
103690616
8216408
111622186
71854180
51406211
54489167
8901384
22828446
42800642
42836067
20557983
93968611
16618389
58870008
104265368
16988703
37645173
33736448
24032222
109109713
28086876
54783242
88317290
67910950
53494596
3559792
120165243
44893593
43870019
95245396
75015583
115705452
53348943
123384955
51194651
28679758
95380820
55368880
83073993
15018983
106880215
52578665
12669621
90501380
120455357
8588352
68262027
30581499
68229495
1608266
75691992
30729981
21135020
18070226
121611051
80231288
108373
69471280
38701171
109011002
97422009
100979655
11301189
47558558
33630749
49033594
17227664
54933468
71752973
103186393
242382
50007607
96569937
96245667
76665221
96465180
64371928
109781198
59337445
111285173
84633597
37578546
123320664
33000409
93648095
85315106
112220694
10843846
37225224
60165926
15587422
9549919
36697482
52007597
66626814
68907853
23697807
67256476
37675641
102352338
101343519
79078184
95476492
83597748
30069722
31950609
123355827
80220810
96484004
83896334
62251466
41111421
111143157
117327459
113096480
116906356
70169560
26061899
108660028
122878727
108584058
80188441
45879127
45154726
14714517
1056996
17309385
46046587
70516169
75476850
92927986
77073557
121793725
64825981
90003187
115124051
31912509
75109387
112514708
114011960
1537216
41383977
52626237
121432611
67687693
4081231
95908856
118023337
9337310
18010829
11870244
59284864
66976394
69577047
40002224
56700017
116077445
35971876
25686138
13941813
47356974
100367303
111732678
52694340
31065592
108655228
91735861
10012499
110295776
93137868
372651
117114592
41331251
4685829
14178477
1286291
119078932
52654958
85948117
88150641
6243000
20217794
78528545
114036836
74417330
8396162
96719445
116356294
32089809
68493002
37130017
39370199
48217288
120191932
49183330
15604488
49870853
117828265
38887688
84317213
2328014
52300415
75361451
53987062
110832753
33560199
23559465
86602723
80598185
119625227
27828990
88980339
54049907
31180132
9295900
63179943
20726071
80329980
30734125
41658744
4509181
105654945
120065842
3164178
60977546
55213331
110072753
71216026
64182668
113150821
117681900
47254413
55058502
99211433
86280330
19450923
25887160
34456101
73352149
26102755
104116820
38602731
83026864
37158283
46175504
89740541
20577458
26137134
15922494
87222790
110645201
16487558
56601522
90363536
24714701
101375297
45417819
43278170
20471601
49677614
29951650
46763928
57013377
75726174
87434764
93881974
66745097
107171545
111043041
87545974
111949109
62097542
21089251
38719997
79444538
32067122
8008090
90746201
63245149
81059131
115441785
114223676
104682936
25280313
5273982
50010171
40171231
34159970
7741307
74090773
49487847
122691114
90486190
13391251
99146827
37250220
85125896
117243167
4464395
118048562
14587398
61200230
95402535
50368768
44561170
11125141
26499073
50509378
38579900
45305429
103651879
122275568
42682665
9715317
100922696
42051838
70109744
81884368
64307730
117545328
96731164
41626514
80509766
64705328
85832960
102807745
29607767
68348544
2402886
28176359
76860441
69808488
103507288
13012051
45739079
109730150
114695716
15671589
91303694
28452759
8235210
32503734
113423565
109848316
76684820
30335657
34353701
79897895
74517494
62160954
25680618
19846527
58934738
107043426
80453220
101560632
1646520
52218541
106072182
47673666
17337602
2497615
40149976
95633672
34456335
77691237
12636828
82731455
58396514
20629249
57980883
70076483
114967001
83620946
74365576
101061447
102311095
99358282
110467650
92811441
117957415
86805526
33967250
51638064
26239361
55617757
44095993
67272841
115745602
86901113
35559702
35368317
1422201
34486876
96378304
60138529
48546949
106897990
79632077
99646620
93843911
19120516
100544999
85799816
64336992
42004801
119385223
16975929
119014753
59925921
104591522
92604722
499034
43813042
75732399
67789050
29130268
90387913
14517839
77135137
21310635
105802471
31338076
47327340
96924185
101443882
63456128
96721559
28023253
95363832
17171392
120789211
90949846
29953208
49390549
17603330
50164028
9918712
39057820
6758986
77682473
37921553
113415551
98231693
58942728
93121268
91746818
95893694
60960561
90992319
27857756
103400780
123120050
91668568
64032068
51534515
13067614
16685407
25388063
88239436
67482331
82011222
48859261
73734554
59475019
103784449
5919317
109994911
21864607
86140803
43252060
101033786
7758899
201650
56610747
97580137
92166599
116601760
11310051
121811909
74812657
85960957
82198492
110316812
100690738
18599925
112699559
36109888
75125886
118146524
55714361
88777349
98350433
30172800
61983694
32587169
35046642
100576589
667751
65547585
122989087
13279639
75517892
115499951
6298472
63966990
18512300
47517461
83654204
41232522
23781452
115053312
28421406
48226050
70072022
16026039
1241705
60907894
44807752
107781349
90837855
23919355
112699977
43947714
92619588
27403253
116786119
123310143
53556806
62305586
110879923
110765204
84065540
18278577
18772378
25408009
78285176
47010334
2071079
78898148
81268474
80025140
65234312
66099077
86017244
64930974
77507258
6491114
117032391
66115707
119010326
10705017
23991141
85476025
101167355
81204500
16433369
59193142
30827007
47725245
95149001
108967559
108016242
114493829
103287671
122260906
18394574
19021518
115119539
103501049
31609967
25994021
4207028
38300067
32243158
29296277
41425415
57506725
123108490
45613872
30215459
111732578
51013640
71198470
16032554
11247456
33036735
86895232
110517758
120716058
96035265
69912068
116817938
16054832
89611604
50141430
50015227
26874319
13497313
6726591
76171348
15912140
36635765
101469894
104703646
2982916
75312766
74345855
16906292
108455029
34304250
39452656
51294109
119703292
106112055
100535232
95039620
47714372
60234464
32429552
76437146
40001744
72597592
105708349
79527428
92358358
56123090
121093159
15485766
53353372
846564
83953941
117918672
77307055
47289515
3362686
65999449
40066390
48804313
13990655
28800244
122334213
40292754
2609053
62049107
70833479
2858011
123111828
28195833
9012157
33550922
114148254
70820772
60958339
103584149
119013494
88702892
106272823
62572851
86081455
9049215
39100783
12062328
5080969
64229178
105385423
32192356
113972755
33804645
108256720
9450369
116302727
21552562
73854724
6809231
83136350
99769955
93966028
96662697
75914665
21203574
58357839
112147622
40849317
26518458
55497576
49053284
2588698
64747190
73444295
19417190
100567623
47334897
75724596
35347519
96548751
37023127
119068853
7526494
18385628
90420125
12929147
59520714
56349297
23134716
105854270
87687466
46483444
106553690
68642375
53752949
76321304
42357689
27417749
88753514
42942270
28374388
122574161
50204623
50543747
48084358
9149884
27044941
117592425
49276605
53077711
81485918
56516849
24882854
88040757
36003610
114767190
57081636
112656586
30232226
122250784
119558883
97798402
82863105
74405797
61092495
86591105
34357047
111356682
3175100
72344441
46905318
13392083
39610446
13217466
115691197
36283415
4690440
116046739
13317040
12930635
34186296
55867087
112629668
22117822
96106634
84804081
39862438
1815836
10070286
45149339
96780617
107264916
26242561
85028972
116332191
121199958
82874013
84724894
17005952
31486918
80615690
117793700
929509
46490208
22853394
67766376
67567337
54409281
73406545
100916239
56985828
81783988
79619931
18559337
73386787
114054351
47976438
71131078
92759415
33039537
10555793
58614822
61579190
121217918
88689671
105415255
114490179
66313306
8068198
39831376
73075812
95786827
91490906
89341754
7528868
58285446
54479442
92366887
1705035
97962818
32286605
93077441
71491842
34890769
22662163
12849853
9706330
123271960
78223554
98069296
69120256
39734718
2709443
119994395
111206372
43511314
39485431
10425388
88689803
58891409
20085939
9518957
84048223
24082320
12194857
10704056
32210799
4019019
112250117
60677671
26144799
119970714
8855753
119699502
16441476
96744001
59995129
82757358
327329
95340108
37961111
36737759
62534707
111834062
3506883
20813034
110420909
23198753
71825528
14148469
89448345
119781515
111547843
56126769
9938589
52315062
74620002
8712130
733112
78548746
107962111
44134200
91345581
90792438
26520255
60922320
16387021
45310089
34550775
10093212
10159270
34468660
111443739
58786686
13130687
64345707
65427267
99671770
47083990
30217016
64787522
35340920
85131212
8011721
53499314
33730734
26294264
39460536
110619714
105919640
2136400
16512610
8194515
89259467
6496737
39745243
31775144
13391333
1845647
42078178
117658322
96039617
93907512
2135107
68683078
22673335
102726667
73672734
82835010
70450353
6086134
99365768
63655307
112208459
26940094
58640257
43980449
25894902
116239775
73410649
71212813
83677446
86649998
11764087
27033760
3575277
83977326
65865581
111024334
94359172
40053071
21928474
48848621
92266782
22857911
19820556
67118677
18194083
30608318
1184337
9639675
39780171
51869329
13696974
53921422
68365004
107253197
26257922
46326601
112186306
48949925
67706814
78534300
13402413
15055548
55808105
108949370
24856112
108043934
61308682
67522214
110669673
58230595
95475562
43189803
16744764
35346850
36562498
78643130
40999622
59593878
53073755
