64146046
115335062
122420930
91384574
54961925
80980051
70036599
61920558
33829148
25869371
32733190
94848500
44218296
73226705
65249094
117181443
3441673
35509279
51293979
43616463
79166264
94761834
93857601
100592008
12901306
84205433
49777422
102104335
55494847
27940280
83614599
42405966
48131570
111431968
59122697
81401646
22935323
12820481
108963886
95839001
5120333
108942231
3168179
29542999
90091369
115335343
103178762
94124308
90786419
48815711
106901623
41224190
82322986
5673089
68437001
33614402
95129198
47017051
65839214
111764337
16651828
102274690
30857337
88455970
77422040
79654455
55852565
66323372
54196921
9374101
92999276
41489197
18379698
65469034
85686440
9459645
25697131
50491076
75782754
25560963
7672251
206497
64172357
14162013
70550889
17384896
80616210
101349655
59131261
101880005
86726925
21365916
97599160
66293228
115702038
119832884
110709103
103646660
9782400
118900576
91078021
61484221
80863572
12537865
123053789
64353607
98304463
122134647
19065773
44246535
103949406
38361459
2908521
108242125
60620652
80258213
8364562
58632901
69370745
53009151
64656148
49942418
61706281
84999409
88516571
109507485
49260046
95992345
64925177
102745504
69856946
53361257
9912970
41661766
6175451
69528521
14315096
26095138
469086
84647396
96486680
5390941
90774694
48706094
17286663
10157115
121300114
13860060
30546482
96576471
33457196
69907574
16127731
55910158
120942780
80634346
35815176
8180492
25774065
60210554
24909484
92127245
121181261
15547112
48023048
64640130
76383840
7472825
5321567
10351178
1271668
71457243
45079386
81722381
31845394
107367303
117393450
111502366
7758129
36408880
39010603
52196705
35112592
122664573
39965655
9431795
25477288
107581293
85770765
45150692
45212319
94135496
7562508
80290900
89473614
75403741
122693712
109779591
105824265
3700782
20696665
5622325
5517921
52284358
27627595
110939410
24659933
69051979
75997449
104872817
31535337
80157420
41895021
51808157
46322901
49187906
118079119
58702926
61267900
98062439
77737696
27955072
110493850
14956500
118690915
97567219
23694247
30982241
15838530
107942304
7276013
5221515
7617390
89776917
88184750
110439106
82910518
32262250
53324959
90225848
6692470
70835026
103166609
38103061
52871619
73651130
114071884
120517426
88905158
25432844
51414735
48729447
64593852
14552793
121249125
94199015
87472029
29391079
104538791
70528192
30633833
10089705
50708975
10366778
17359790
103338204
34282095
11491889
92762200
80635396
77809575
2676285
6598061
64263785
44963892
90309276
2123953
53823209
121292588
109506721
36825748
35131063
13611819
78994984
30763450
114598782
65317891
14513547
79307662
2938876
51095785
19882887
78343248
11431327
111699598
14917121
73319507
45217736
111659210
76450489
41715152
15271495
6351371
89249210
80614666
51434712
64073639
9095464
99656063
30822519
70592669
52742541
2978461
24808766
28669261
17637095
74700743
105592428
7035815
15861195
45006923
72408445
110977163
92233893
110935118
101140627
75470926
42511938
52495944
103452992
87325127
53103630
24091895
74442528
11997847
56424838
32618614
119676721
78239745
73722985
38834859
109335967
104718385
76901266
15619779
10398242
52348082
87041752
79214455
65694133
67761059
52512687
113567830
65828913
37721034
74594771
102446804
34946704
74575114
68515917
1930935
43969110
8331988
4582589
56543327
98715733
49353206
32040909
110421975
65868314
9536141
2107230
69204060
65426432
86426289
77804497
89529498
77359187
59274516
41673896
37438952
48104742
30904139
36019210
6992273
14100
89126590
93728304
25426106
37230637
3720493
6386510
37793139
52708116
65240116
64561301
10826026
108094851
52897314
11679839
67781657
101852711
121417573
13091099
16680386
14113671
121451918
22598439
102888670
31713699
41453085
28323009
24565477
36507124
12169835
33619088
50812125
91140701
4242130
11381686
18099909
102294891
24376362
17942577
98920520
83997229
55188620
39559544
119771929
49903659
101445496
90582626
4499547
91564281
113983674
19961570
67139071
64105479
99933922
10683636
10639856
114249484
118536891
2368680
118489932
76895904
24179999
1017683
22984223
70383362
89576738
80644149
77093272
9253558
41911313
29589739
110132380
61747768
91873918
59420198
119718980
24187339
542160
77445860
110033078
21682246
82005130
94298991
114518420
47132637
107110547
23542847
5068955
84039773
29891144
66642518
36782783
79324841
69530186
91447371
23675324
108473296
119994076
55501705
94078202
56217361
27071930
101740577
88227020
56189463
26045351
102204669
14249975
91842076
116734078
88483394
69287487
60434858
68361093
65485955
99175038
42749026
112230783
81324065
100614820
25932223
51901708
63251171
9259226
63271470
53573957
103624729
111050304
36603556
29182952
111268264
46545112
106611084
21237836
91629747
103159635
69101131
63081275
41635285
30134869
90479556
572967
28302534
99148639
67298254
74218422
70959628
98993260
23228149
96810243
87397007
101743569
15056775
26493310
28365056
88781776
99235217
115265537
89778655
68652946
9689853
68097050
21768152
19974619
89883270
122917526
20344367
33986124
23260450
96741510
67277512
46016875
15825121
55588900
28146115
62758803
27926776
102778085
161868
5278618
78778803
25561998
74622366
121557433
42840699
98790121
40271133
83115078
88250633
58311602
25033613
105212006
30168403
111133854
9714308
34815813
47357409
9405244
23913167
57846881
114004854
80277882
42472997
89582535
80183338
107534730
68680457
2993373
4532101
96129833
80350236
99079454
40370359
122309518
70328675
34243602
105280772
99991149
9620948
46281365
41896104
20479404
56983732
120864685
1034571
85497196
111801670
101131783
25891286
6317043
5719420
57639014
2029472
119537533
84968134
31521117
14149403
80368648
13000022
41332634
52707345
52688169
1681900
79121126
2560033
101148740
88751442
33277715
64621191
54520379
15307263
113676991
309885
99009362
46965021
103904647
99951235
55155899
32569337
105714585
10917971
99225693
29527974
84479772
93146324
44219539
119301491
41618803
98738963
68621085
41524851
75046950
25606676
60413593
31393621
42796849
76978106
47748470
41219290
98241790
80408783
46706337
100294437
46903151
101216467
42026111
107554140
48905145
31052653
87759799
4057600
44335571
20240772
20423369
78056228
1440186
14726524
5475801
11188197
24725034
102054505
81817446
49442027
93717222
37748390
16168722
103597015
39596408
122467482
34770200
70222822
7101826
15009471
21320200
45213647
17369588
70654482
103597206
117520964
8060913
65220355
28906622
57589060
26219731
120413763
99789462
100598430
120429610
44908244
68785733
93551065
34286468
60211465
41033161
30395227
47916515
75624464
80799905
29226512
77863015
110570897
100907474
56687947
61833293
72588560
28239830
8159388
90598124
92369024
62805279
117050544
75175116
106135046
42672683
14553252
5506749
37121963
77400394
110591685
104698458
112764794
21833818
12942366
33966369
61990646
76315878
693641
57196893
99680182
90191370
118024474
29259369
37177854
103820538
44331815
106136268
38839652
115583749
81444214
47189835
56435972
121474648
107770987
16175575
119689782
51654894
37028044
29509713
49234022
28977344
12482460
5309993
13998168
80787202
12679649
86842817
118147561
48772035
88778254
89189583
114860359
117550752
64841793
9374175
20316939
66806748
33041301
114511510
30081871
14002709
83181734
122204359
104787941
86887987
87048283
41152998
94776997
27480395
5780436
95504750
64702798
18940065
53796277
38610581
67515954
104543457
50270300
92820855
4487500
12953391
120990440
17076329
28511773
61984066
39651873
67037561
110769004
98401406
121788228
46770207
112201296
5637157
32256952
112897811
11669650
93893842
19296995
54540132
1678866
28104552
104543946
83672608
102822472
79741612
14847611
16558152
83245545
108772556
88383069
111902372
40888202
112711692
42264261
62087474
74012518
41913371
63772295
4461933
77075978
63804118
95038808
107993143
121010488
57148367
24820298
74659611
31570849
109278529
51891562
40555323
121451442
112489297
8151030
97953192
117822251
36489744
16102237
97270585
73444251
44267617
87522099
81458601
66043501
40495984
61834061
11188167
48592009
99133627
111460018
35943527
68235336
25469784
55387620
26878442
9272769
118689512
73580748
42248575
94515070
18513704
46767440
16571843
115178974
115989532
64270738
112698479
91884383
13551424
51996781
56228961
98576341
1497233
11451076
48879489
117238102
67953278
24973058
98677118
16416096
40552708
2786718
11630293
123224493
20373919
61592731
53145557
86291354
106051937
28637698
79664264
72884454
113450234
39493744
75833810
44645317
116938097
36317722
111450104
67083887
801378
66041937
63358456
10101256
71834973
691425
19570467
84149865
77504173
102445357
60563959
115455388
46404985
46808216
35461510
37899364
110855395
18956491
34212111
119369425
97458125
89908958
86800635
50037317
102078751
69800981
26485759
541003
58406411
39546404
71533358
16280632
108675751
115037925
41072724
103612422
51628279
10017090
64024060
113514403
81609581
61363298
120873689
4943075
91893325
89125199
20794897
27704357
68237350
59725332
15039382
5836036
92662872
14949207
94390568
378682
69861271
28160542
107874684
104542063
52025027
111870882
5056678
2351637
79368059
104685112
12297475
56564606
111571454
106957664
70977884
34663121
72412648
107715065
13581463
14292728
118799633
48973875
1184743
16869567
84130714
76879199
88223632
122680000
27149981
81108990
40075855
10499724
79522130
53251856
71374182
80593507
41002081
51797807
69347045
123326722
36137861
1503957
74906474
108554503
77690962
7608653
116327931
123121943
49964414
86182235
49226320
71728989
45680237
84055783
101206256
116941298
114463978
95791184
90004586
39957690
48145313
21188822
58529167
78679638
61294704
79507546
104607016
7419448
70684955
122742261
61569247
3660787
39686564
8434068
116521642
22767368
102596362
56303931
74522643
490109
17673606
95428360
64508442
109672875
113757054
111384972
108298899
26378594
903313
26521387
55982909
10851979
904896
53533118
9368052
90013087
34599773
19342059
96779981
72228615
99467159
89324054
103974020
32554106
71887447
67166790
86088540
79002326
79446025
82218680
104405710
80405076
8773973
28509166
42539402
94970655
48473088
99677803
1058897
49665742
2618105
90323032
35556087
47724567
33816871
67231774
116718397
71440155
78721003
16181775
51694023
78197702
83093719
49703303
90930056
68525545
114217997
34013418
112432841
70508035
37472202
39208417
44359936
10224340
116480903
53624044
31708681
31399592
45260456
112902587
91557768
77633238
724512
106613955
93861918
74850587
33052967
64074644
802814
89770539
104828607
54398150
58933237
7101700
13298039
112693565
34072220
39161824
75531924
5742843
31814524
57178684
65332532
62437762
12272899
63010625
39233755
25537166
101949478
68558252
72206400
122035820
36132196
4971656
4500981
17798665
123331131
10748070
57185412
79706538
42236588
90814519
100378810
82588434
74199341
46733709
17790251
105373822
109311612
114496637
26618688
12886890
64051864
87777439
28435817
69083948
119879526
105950593
52931636
45171803
104368948
29486853
109704538
78163884
33701298
24578068
51553717
40163816
56551539
64941908
87881223
119077014
21231632
61285174
42387375
106831364
45776311
20719689
47375875
73638092
18805257
108167277
11222021
99784096
108709308
13028245
70185559
23672329
8605597
37283245
23299376
35413743
24562499
12021677
12257112
19432545
86972231
71010593
66611193
53661398
18674729
86620127
53486330
62422224
22816746
93884820
39457150
4156342
74989173
17019264
57456744
122473775
17079862
113050453
59269730
10360078
3432244
99196355
5087679
29176174
70846087
42155258
31582654
10834602
103997459
105271632
45460773
73613934
106202657
67899659
12343097
8690907
88716687
41274826
93535900
26321891
10390755
73959933
21502299
69292935
78503725
66851213
64807507
50819568
67212614
17238670
42146352
30515850
75571603
80527536
92080955
9211546
27001493
28992883
101016888
70159645
56397088
35680335
37601540
41519465
58832617
93500890
54762380
34540218
79957405
112231437
91909593
66885527
73793830
18947955
38981783
11302887
51343545
37658387
83649123
78480444
95874797
39396744
25309382
415759
100507900
55571797
62730241
65271083
42478280
103683633
38681101
92916259
77336576
50003920
108504447
75413608
16861504
22111542
65248957
114472634
68285053
21643315
94100242
32714589
29135071
120768700
41877417
51999927
109916283
8833620
117268038
2952305
54636709
95055053
84578546
74807016
65460839
96975663
3781887
26616221
118845745
9335606
88051055
110402742
39087731
113943247
31690845
76840758
10687320
72150594
122203820
94940604
87170071
88388241
1063218
23203185
22857363
84942625
47469890
98364810
99607880
109149160
99760709
86396480
45854355
97861443
56872026
69683843
7872332
30471197
90176415
39663312
62316240
68187672
39405703
77179805
56870776
24303908
9186154
119248990
72150253
17387029
116871791
7840196
106832890
71423793
51020561
114024048
106020878
24827426
20659884
54258737
110622421
52736835
5350823
9042114
17239016
122675993
9359202
114282796
110682600
27768606
86920312
86976668
22126463
19581892
103564431
84463630
93514607
63167856
40098119
39504090
52360324
119399273
6606951
65061677
2503779
44638584
29342365
571278
123348164
25736938
53501010
87012841
62356999
86815756
33297451
25977912
4747828
43763923
114386889
57876686
22837229
67365984
27543512
79746043
113714749
17648782
122101564
30386753
78481520
14873525
32599899
26887745
66566822
97807355
110285637
94524604
105231837
43034637
25809420
111064149
47566578
20212801
19388629
88398003
91613347
74056299
11840355
75114646
77445932
11751328
35541890
80806601
42680580
97723261
78883257
78315265
9764517
64442073
30581638
46194483
112276282
80507589
28904853
28263727
114140319
110062636
25448896
123435741
65741115
67928565
102636323
36742594
93859568
60131572
5928819
22375197
28543725
55643440
7512953
86840103
97310798
32958729
35193715
29012687
113453469
44739905
77393307
65406531
96754750
92443484
30155875
48809982
59738804
44486692
67843204
50751974
116579526
57524314
23579011
44717842
28184327
87728078
111765383
10267015
92190530
24982921
67061715
97206295
104439572
81006271
17295233
104256121
34179783
45082450
33727175
16008885
33749924
52352146
7517426
62932210
29376409
80140380
51972189
112773438
43656737
40088083
92583067
6507566
97885207
61125772
54183634
81715440
112952965
49285856
11988924
53471451
59646563
73946777
122017404
121738150
94466333
87959653
79249481
12314735
75774913
66382685
14291716
77826014
6893431
41987967
33814893
82729898
106512048
85516944
98113374
94382153
105048855
78422937
42294541
52016729
22343380
61142367
110147156
87951857
121209632
48106223
55413192
37148059
96883129
53070820
40383300
42958343
51599721
72994424
86305504
47426675
38076620
102687002
98208943
96484579
19634304
120661642
20073141
17371614
5619860
12831036
39041943
85100929
92364350
32991731
120808608
21019059
43585687
55717052
10954447
118982951
19256863
121188592
113193430
18762460
30509092
86235050
72284252
97247140
650019
39216874
38286647
28040997
122302477
26298757
16295033
79428595
36210384
84533618
60418718
18826006
86907467
69237825
114740582
28993717
41538257
3511030
65734228
75229295
103375356
90942548
80713631
35517177
10641892
24605497
117405118
85876549
94691470
45919639
34854046
22718511
46950796
13441410
4475948
16181771
51244681
103633685
62996338
21248289
70360860
56572306
67973695
71653129
103518075
70852371
122586761
114144849
112678541
53636979
27377333
1988312
69822793
22709676
96632159
6528535
80753323
85336676
6104213
32873290
55111975
10301968
63580406
61943193
117380895
98661689
53163091
60576045
95229897
110968202
64676905
101954755
9420817
88671984
30668103
43520205
40300130
3526946
12012693
83399167
123288626
111415438
52587750
17126992
41373090
42660087
74137043
85618639
79718693
74350650
121484928
9286320
98332977
33234120
23105890
66030088
111938391
29405976
33308809
43453909
111864642
98758456
26275819
25517619
119015981
105342352
98569527
84739293
61244987
33779145
50454837
10071771
20170750
3823336
6880015
63825083
2719027
34183241
4115452
103307992
69866901
23722484
36918029
80651427
51992894
65614571
14254899
2806835
28514965
40917591
14146105
123212266
62600808
62151734
92474107
27044545
110124353
50701018
902768
90881377
39860696
95994831
82312058
94485570
40905545
57790061
97130556
65249589
100341359
20496438
71989407
78003399
100791245
102906953
92082502
10434540
70308308
111430284
6066410
13989714
112094597
112128769
45208693
106688983
72359754
32986146
26129013
76791555
96648256
80094220
17690167
52141090
14525794
37416913
73631435
5600412
31561432
131494
62918125
63528327
2082457
121893970
72022270
62602765
119796332
89674513
45896762
45890223
83410974
51256612
57244424
83891046
47277969
32257707
26501492
18458206
75670681
92457105
12576694
108431863
40507340
78894330
91407517
21476325
51884790
1070624
24219038
15108912
112894651
32079335
15913273
6553612
81915111
12870006
52379739
25781941
68719447
41420608
100554379
96027752
18355496
3486452
23022149
89733335
22516755
111584910
111764877
75664592
64045337
100746575
43299991
92373700
91457827
76765027
21186663
21048240
89758468
74962969
70029542
116301082
67806966
58577603
3362282
59209421
107069452
97971101
121968252
11603785
48457018
27354271
58657564
39203250
31420086
19332747
87288671
33682512
30876013
31566885
116557500
7742579
71504342
71584496
109856715
20081855
39558523
53869612
13049487
32482437
51547084
52115638
30620066
50804999
119226129
107850663
21660749
90669168
101392512
63871811
48148289
46453155
41758753
105605872
84754899
102211386
77205610
70268060
101390577
105252185
15059356
95055862
48214289
70169853
6615165
30102716
43504991
57484059
62976525
82586500
16917168
19556948
79860539
13998027
79205779
42927140
119677410
41077398
9180817
77886151
30774178
97545570
5432436
121390616
53063592
91507713
1470772
109696825
96359467
15211947
117021350
77932464
18885301
95848356
64052578
75024338
89863214
32749912
5524787
44224431
78040410
81179992
98354569
25784633
89210592
122771940
90928229
62190341
50156092
73897068
100794644
12588086
52983629
80386430
16206148
90960667
14869297
10282273
102530658
87092839
73636141
35545534
92496439
56379287
32943240
120463024
87916887
51667183
71370108
36899224
11509370
115280604
96502396
23046561
55753533
55549039
74978087
28079706
7390607
30632804
91092542
108586210
116381241
81003671
48311452
98298409
44374140
51998510
60917079
26980888
102609885
60636349
23644309
31094363
122753454
77490839
26192929
64311987
114760422
91972334
10286549
50940601
77793637
5684832
68825008
87619675
17800822
12137970
116160478
123061834
1800964
6648046
89312777
87429004
121318807
105897168
18808934
71287262
1718681
6089393
6335943
2149973
47251177
51420534
47513886
72717799
27286121
73902349
66119758
13701710
59593319
43272392
121125713
20051318
94458489
79964448
8466995
52665922
96420042
119567715
98003602
51741114
54607236
92716998
60853616
95840533
80399391
36682967
104116190
77162941
93058411
23345645
71909842
25259318
96277053
61600197
54763580
79892303
54052555
75685068
13443917
21427412
118730685
75177859
28755722
40055138
82234342
120341252
16579371
118245281
87026318
116665779
50068202
4285251
93672839
7766608
79829829
41237083
51289559
19266507
35955472
46452558
6541289
23418788
67492989
112930140
60813883
20148262
45768621
14548534
74015161
37185652
12339131
90244433
121691857
80719301
56886812
96031866
38757124
61376647
74351819
42022571
48057360
24444219
121636380
111194239
12603642
43172694
99588304
1889357
36377664
32967882
89942582
34253144
43517023
110277045
98735198
30908529
84236141
47282187
29247714
88205847
70681083
33294372
47724828
88140482
58018944
43741395
56192176
46865307
82456304
50122698
79991071
85143139
61453336
79165218
28033092
14626827
7920134
19236758
29384935
75202638
25315274
1145363
70973206
80309264
27364881
38808626
88339037
87819847
98743579
23533772
99052758
85135729
10027021
82700153
50478005
78616714
90853066
33087440
74514530
87059425
31033748
66874026
3953312
43496750
115930030
27073365
27585518
118926206
3236840
98389374
67800628
797207
20311125
43016905
122122998
95378293
111601081
12798393
33793068
110658675
95523352
6976245
101408121
54139147
430860
59060709
26817392
69539085
117531939
94220498
103732242
41822411
40453978
71014154
52152751
111426617
67891930
5110219
37635587
20858770
40067887
24409522
7915736
93529660
69250049
73682022
65138403
58688521
114819013
114240644
43889066
19838409
95507171
7119441
63362834
9780383
108965792
78318273
109850707
18191003
52768813
24224614
108418494
12767015
25003477
92137160
15749539
93752035
78680091
94880324
85257108
75547750
99937516
45928445
34622264
2606744
121921098
82877780
49763759
119790122
83600283
23526847
31788767
20216951
88731429
116031961
61793756
190461
66728432
74402718
82839411
46526970
48612068
115449743
50208824
96372519
61995638
35971269
114594029
108102645
110777517
68085624
2336779
52192046
6363649
123024283
111422041
64502903
40137587
36434337
121273470
108599742
72910916
89553597
62083729
10664053
3136372
62691825
36897316
3812799
3584679
68602967
58237372
37177442
96107690
29032468
25605385
38715756
57696785
34480977
71948230
101498609
119055294
50901008
54797580
107566163
103171868
76529954
119156832
103411569
32353510
8165571
121402250
100768256
12975142
66658396
7606267
75413929
96970970
122265344
92984040
7553888
59277599
117861062
71502276
86798218
34192233
106095376
42753672
17710696
3242941
51906293
115964217
107038754
100610270
72917162
21112210
54197407
67073037
114913876
103282714
113256776
96170620
49918182
98644115
5116701
47492957
90928213
111070049
47642274
58273833
32287274
5641970
39222988
116649324
119914449
25680525
116986966
43016352
63297993
104604466
113177936
4862130
39920519
65067446
50314742
99423065
39422060
104796212
28133726
76290909
50089379
39391593
110935684
109840889
75316020
54727664
43574916
96849134
123371985
105280988
30101656
50467006
17213310
60599368
118067941
68217124
40196197
58615730
101617381
115624761
30016300
121741367
98191218
20740783
80705122
65087687
45724797
116606154
60764688
106649904
8065511
67784522
2583042
19217532
52252735
63893045
9474075
21308563
120915351
37935380
98486112
15624382
13452694
120606331
3807307
107444729
111010787
64439701
113765973
64310011
81549790
19714952
93740850
88458754
1544303
62628332
30920446
14052897
12963193
112720995
51604308
1471795
28593146
72025784
121256313
92339306
81126944
70543970
74084786
22384143
104184728
117970006
27137700
71678817
115355190
16822054
25890071
10673973
119112328
47000819
14757883
38723494
39108877
676462
39754203
34537890
16459524
5359321
51969896
715182
23706564
115349771
24042161
103142827
58300088
28876523
71108122
76902040
102148202
28085983
63763662
81527381
12668892
53495778
23425666
109571730
67469530
15505289
11130202
36844881
60637196
87004322
18239634
7107121
54471802
111789381
68008469
38433688
56219489
86802161
76473163
102363687
95109568
13157839
101600770
58173577
26124858
80884525
118187608
80593084
9139421
122478063
15246359
3385470
78559770
71106336
46884738
13096955
90324743
39129179
119756033
4899866
6928542
39592034
48953664
31868833
32256855
86107983
60187895
64004908
38540317
46036127
92479907
99747710
89652180
40916398
92368458
102417001
102995508
50226685
50587300
14991846
95085078
71010380
112179922
65923326
69136938
121937884
19407150
5751398
101290240
71756353
62103063
64349964
86631432
20540822
52839376
74694669
78627379
47581464
97008030
29575715
72602220
109182976
26475227
20100023
49252151
62386684
42373661
73723010
14095485
13182660
24533911
186632
1968179
102199943
58276882
107903002
13135728
1648070
3937086
68449430
19559962
7060048
77958544
62064059
51253230
99082504
42100975
57347715
41977103
24211168
80196530
107929031
5544481
30441057
27909857
40962845
107509154
8788742
79348905
30489912
83497673
51702672
75327221
70783712
54968614
94316470
13140171
26384587
101627664
66290863
51176048
11650949
100807882
37314194
507579
113933188
84765375
55739125
60307361
72190161
46465655
4932675
40557314
104164695
3817768
110657347
48426221
101849352
65369110
85079812
33488993
60937727
53196327
26666987
108278634
81720905
105717616
111008608
28223498
104037831
116989157
30691869
22241766
32131909
109659273
57729513
67154632
103096813
50030573
13509778
91980693
27725723
31399546
68858519
8801808
52059725
78162473
57916491
49778484
46839814
122663060
112427654
82009480
117854571
86677328
51604546
29843046
73284199
69080125
55626365
16977740
1218006
8597983
106291341
102520114
58089919
51605200
17276139
54628026
22639677
5298018
34057986
72004113
4351644
24933220
71563346
1708493
57019956
62866774
64263343
112655867
116445233
70996049
118638633
57471233
119889320
121942013
113174438
20379413
104399655
27787311
104444685
43889923
58613193
9829402
19506118
39415018
85526922
68430776
77200915
66073614
27618470
6700019
49883095
52701046
119020035
50833641
81601382
22624173
115474771
76925368
49949612
83912349
35759623
37378098
111665230
5429470
21579934
90818256
64913465
54136144
98193663
12279028
91712559
63054321
57669128
39105749
71178841
104834438
102869033
121169491
39458615
53556032
24519533
54191534
91416065
66032821
9637698
6170618
63014709
107491429
80872920
21821727
81395806
73016667
88984874
56343597
50791605
115843064
70882206
7170047
99661473
47440220
92739912
100376282
64877773
71520509
47241067
78478358
60433281
114970009
9907113
42690885
23599568
20661474
7079948
115973532
17088631
38294893
93517964
44874536
119108936
14768910
100597494
6018904
5827840
28838755
27653242
97716253
34619606
81390527
57788183
90344445
99000066
38555123
97521861
51227559
112308543
79766576
64477578
108327468
37870170
89241558
50304742
104364724
32826390
105471263
93321872
32504339
100033115
122461136
26003968
122237637
71584777
115367846
32172738
30354107
122306708
22694755
18054071
47452674
31175777
59176090
65455790
110390224
26462663
31479268
75092679
4284625
34815537
17152878
81315426
54504751
48279279
27404883
118615730
68476678
108365481
84272287
12344515
32929483
61042034
29170796
79543645
69261529
117985908
121390955
59143279
82542888
97784573
47797810
56240267
40894341
18124907
77351491
5048513
110841446
7464291
9718603
82654829
78606891
24055145
24920603
7337401
98463939
13333138
110095948
41559540
16027729
4461850
26126127
53063988
97757035
103571235
74955419
91753030
52470804
100013613
17615529
106170033
63352231
78083090
57355768
79839134
98946864
57304866
63343058
47369268
11742863
90247229
93563560
22129654
73619279
121727903
20135994
61334374
54673258
66078102
54712166
78755978
36659639
107572410
60337223
80277775
16303463
48099946
98125741
56133244
68826930
20837125
120552658
39800502
97534384
63936662
2210510
102225909
74762207
103033694
808787
66701961
24628287
55758112
9864003
57687235
46985786
107309070
101548296
114342501
28623369
11848420
62046763
80968605
26280015
22519986
42837788
74236129
122460099
82883278
18711856
44205187
25891265
30741531
67452032
90568020
80644502
58272844
65220021
121566188
92119130
82683446
66534018
89422167
26189165
1050439
5785240
4046419
103330082
119099284
99461324
89528313
32665457
116289304
116361448
45599532
109612326
34997817
94235353
7425181
43176447
14812865
49459825
22477841
26098887
88255964
98354849
80021327
75457390
61901828
15072100
12369572
34543495
85503210
40273559
25591620
5132359
39372200
56664410
11839866
91673458
97093814
64198240
5311558
89449743
118500266
28061185
41701092
25448267
39320197
22882577
64442037
103496391
100744685
85842930
98174376
82863971
113738094
88786450
53545982
102522761
27863629
29909132
122053256
8339415
6739753
2135384
122893487
110148050
78224016
31119711
79727569
26146738
78251318
95242873
57795207
84151660
8993384
14095309
59373248
46593629
82616215
96436072
67762178
96097155
123255486
72223549
113790615
34195819
116834544
73015731
73659772
12404400
76539801
86077903
72807540
55706640
32936557
31700528
17828910
39940700
59038695
76729195
85748782
45622392
75113859
63812573
40165399
83969520
107275548
56318247
93783876
21325268
80836653
79096937
90631030
27754107
15434778
109744199
53966697
64190010
39977471
109726067
119186290
5981529
20109709
14686045
40726433
83507032
109913781
90215159
54106
119063938
72723927
81943297
91444306
96407022
49381049
104850408
25659755
89127323
30927166
52663632
83497811
29268739
22484421
37221229
91295065
7694445
101147928
99499479
39613534
89894917
72161327
30113974
84914359
115785254
61333913
47713595
22015876
36738817
80722763
65541912
76385346
8819232
48460581
86855498
9649131
942205
13746666
908272
85496115
69262118
53577062
81908545
99873952
64324077
121004594
7642779
96970853
71150305
21166052
70193215
3324133
59288058
71103082
41319244
50586122
44723934
6733668
47310649
37746327
80987735
75318548
24102205
50746104
117008040
75961187
87517643
104839713
92822468
32003441
97574994
104813802
76855278
32588817
12807594
89730785
53560824
6761437
69727810
6897467
35512850
12226172
67559290
92175011
84588471
68604832
65617492
63372282
118635935
86840366
101731039
26219094
108919340
87870977
119477901
69168672
13636092
116987178
21777865
85354156
102125615
116703495
67895819
70878892
74115938
101659385
56880320
110401747
46735951
5916675
89962002
63770386
22314354
42327970
96065841
40827124
49050623
55732125
116052134
103990805
42968588
100330647
88161796
95021595
16459210
97948777
117521265
38279369
29964804
120015232
91043464
97968667
56688829
27126333
53214921
43114147
103219051
55704482
119717590
74345414
82607960
56779891
26593165
28600365
69492478
99320009
84473148
6570055
13061794
91474076
102924256
38495705
110909032
56642277
10220902
9167703
5713377
30000368
75702136
28208530
100172597
22376765
79650400
62008349
52222202
44527934
94589069
77608127
22549971
102929647
78352758
122523527
111732628
101384724
81213119
37429863
43962257
65734890
37613159
14281741
8855543
91392597
66371833
53632045
43943449
118804587
58740084
43338912
104457567
13459983
70100895
7467394
13128354
98654781
61305488
13434406
109277977
43402462
61049202
1409148
61612433
87426509
103756527
80016289
113858399
111479026
59755035
21649297
46023378
50812873
4626733
57730801
112766983
9475721
24219586
23506648
112611525
111905837
75159522
16627961
120636872
23664852
80704616
7434725
31789546
81645724
101471738
12645215
50680105
69319078
97581775
46200796
20613915
121077842
4966525
16967754
104668067
21478108
57456350
17578713
79910031
6796233
38072737
86167791
78132889
55337859
79520273
120338497
68549190
92913025
72537608
10497154
110254195
10351196
76288613
110586111
60140724
85820428
90353629
6035726
42047866
77660509
14365537
60408986
101791746
59273581
25146851
9129513
30668726
77955901
42826843
112037543
91727883
98086532
13212776
37678867
32302431
38249526
21814409
106636404
52049524
79701789
11568765
27604953
100765683
92375020
40529512
56821718
38799940
114552594
54960594
57821570
107309364
107277918
120928272
58122033
48369422
110917936
58487967
100975787
45377317
3785800
117541561
33825445
87089839
98335810
80872487
14544296
52724079
111776228
44710956
59897185
89886927
61330186
58187461
12153418
79326566
49779891
44921464
18877010
6438503
122156386
14493165
56774521
10647744
74217691
84263646
39720637
87678073
86380251
20007130
67347822
43516525
52758539
24943269
17508246
31841812
22387194
32412346
33763232
54696059
5428473
5229605
119214835
16711759
72349961
16605283
35956174
57844822
104176676
31788662
67194586
9491772
47051029
68747999
52650601
61868638
73743351
108646844
74689012
7108865
10263405
7146075
92293985
35380196
53650830
38034947
68721456
74803757
35870511
99181999
60250699
107526239
123355064
18272585
91482743
50849703
105048088
89903153
37572120
90033301
78298409
96429842
37768987
91057738
90958207
121758301
12024339
57379460
58129477
24864392
50229300
119697154
51693059
37218319
43199195
100287939
86331739
117581703
91590208
80282792
100624182
10673948
69949783
35136894
86453887
97371797
46143425
118724113
38648310
83961198
66469162
36572421
97591017
78050165
96491803
116676887
113709819
107777795
55883212
63209160
67886018
29586138
1274253
114114974
5717218
69372370
30765656
78561469
50512809
120615902
90334799
85089832
29313860
113994253
99871833
3550495
37024119
87405277
18219202
8104815
62746785
47263893
91720437
97186763
46637511
104177690
123139129
42365204
55043000
35645913
52389996
74714551
42820036
22409729
40381474
87389430
97471605
119514860
23930156
96491562
87060601
75576215
108892800
36148499
7691414
75771710
37327299
47775791
6194067
86345435
76891862
104074079
36218043
114579077
79753024
107993877
59038657
50930980
114264698
28239407
100517745
72826624
79600866
92875434
82782915
9938591
28383741
106376259
73845407
47195006
19888180
18280111
70144251
118079377
112976116
68826846
118104691
44601358
20562678
49420687
80672910
41898944
92988719
11073172
66378097
11083119
109694287
5367181
61428627
108153341
98627666
24696420
114942027
8663360
119943528
20990372
55294570
17964229
68084132
76346339
43601947
32960810
119317702
41979817
69825366
66360337
33812546
19318934
52898538
82188591
17812624
13541726
36424219
50305848
72992146
48019158
73162819
77850758
27618037
73754893
55719660
30009668
10277343
68820768
65100365
85792284
11672723
46456149
116832210
58947742
28751092
11793598
103530286
4009521
100445205
63437299
26363634
70286090
10085485
4154620
70012454
76422894
22198273
41885792
44142214
4306986
39884383
75013639
8318225
20993926
15534794
63130565
104964532
67160825
59760840
44905763
100201121
107444331
5642247
19531478
21368252
86923328
88517960
58544239
10366745
65547529
122047895
91248747
67429157
3770957
113794224
119223467
13961809
12246879
119925891
94529430
112440500
50998624
41366951
62126203
83275691
121991336
29612456
48046827
20403611
42045720
17221502
25294789
26411835
66570144
54554605
47567869
41504388
27593757
83981170
32174449
34739699
1864801
116679628
11949832
38895701
71163730
72593754
16831898
43534341
80931424
66999013
31028093
45756496
32899802
32055688
37184631
20362869
122406845
27263388
110941555
35933513
47351762
87483638
27144834
92876465
50556062
107640839
24597906
88502535
70963141
34603598
58875535
49329683
32219764
104756790
57160286
100897778
91898483
3210296
71352967
70032184
86397007
5969274
35487703
9075394
10041515
79387233
106533283
21699988
10230807
51371749
67792843
43348485
117140890
87385571
82144126
36007538
106883167
52255945
93472330
18238382
109521546
112977864
73428047
116707421
109102666
9139801
6220434
84817068
61158353
8453491
72999886
103390919
7323207
32917040
99232361
92042180
98667105
45510449
44320943
71238538
121320105
52998235
78980030
779351
16267531
85439702
108759003
9214136
120492743
118354399
19996225
82238695
45674149
31265501
86904640
45713507
51124413
106316267
101956545
89060217
88495894
8090224
39245741
30009274
77963554
97142645
95035639
54325510
121765131
53296344
78749514
101030850
106647771
45735985
58135542
4154558
118931540
19389709
106955813
64239312
4016548
70313770
31030959
118702793
99435807
6257026
9421312
96991449
22565725
96422362
108622971
19048433
97617723
82625621
81511055
34697986
91065878
30002229
33053908
5963976
70307256
93343070
18815008
50704555
10388007
102464580
38051988
34289910
44541354
73225431
92985596
8521895
38059144
5944464
63184569
49732883
94684346
49643360
120270987
44613471
1603476
118237001
46949962
122068661
95052091
109080245
52617405
120414911
44369479
121871171
58803594
452881
83574724
112155075
43061349
5326169
87696992
58758952
89168625
35098630
11486164
70061930
68545938
37850411
3253123
874888
18238383
10070635
25449183
4778425
64586796
19395254
3174034
29650744
24738564
108105436
8663266
68020436
116894632
96072935
85747813
54520094
10517268
52780277
118220708
93140644
23063948
27137209
88586129
68372086
103229832
14358356
111510828
26928424
34701726
29678905
78951890
120336881
65760263
44131933
54032476
84622747
76952489
37104652
82898729
56260670
112116549
86716595
119846869
568316
122308200
72930348
120085023
54254482
112628441
25460568
23951097
102447767
76315530
44399675
110388638
73708680
44918052
110172000
109975049
108351324
93249166
118622292
104049793
71909277
113630217
4044485
46430023
47696645
10022853
86168382
112030761
27679793
98467874
29913813
102429583
91918789
73232611
41078583
77839482
60238448
49833770
112240343
19862842
111028936
122174252
91818384
88913001
33387106
2179409
73338558
44186146
52274610
85953238
25985064
100580307
13601307
1405404
122143814
49702889
9663789
99471237
59159510
83240042
16665749
114108794
49677932
109222331
70248653
95650511
71368330
56571248
98934259
93154573
84156992
311068
20188553
81284328
99163490
46020498
51557333
51789308
50367391
94937736
38967595
44536184
84630481
9985369
73458739
15288056
87309254
9250626
116496228
89055176
102044911
19632556
91689256
16611618
18565480
53175399
69265393
109026237
82216027
59028375
51921429
123441391
12466441
8558037
101733598
69204071
115572429
88165568
10589625
109437155
52236756
42247570
52464486
42975607
120025876
96543399
20567732
110374194
3960031
8595009
57095687
27589996
21558407
74606899
59368522
115804221
34519350
1326192
73731740
37363806
93595729
44619832
33798384
3028093
45525751
78959264
121603274
23831418
90658487
69704919
41663281
56797605
102582470
94105850
51847576
92366589
45845169
17780510
90273173
36589712
116940227
71710382
28990450
84902892
96453158
83665953
40933007
25540875
65201037
49009428
6623754
1876766
95232990
64272899
75498601
38189692
102111787
107244942
35344111
89613729
85474191
46378382
68335066
73134952
102504745
121004883
62030736
58922644
26854243
96411468
73761737
48102479
115944573
122881228
2790391
23807534
109141200
14719359
8510435
116735687
89960058
31097578
28959985
17149923
56810290
20123317
45630743
66852778
115075397
29233634
74105680
77487403
17568561
107456575
63217067
2607759
15929664
109049626
104538333
87608021
93623057
108367476
118590616
90275852
7713746
30392033
93320561
34865683
20942862
95401588
83601159
38249779
100398885
123138397
104776899
97875437
20378171
34400877
8611540
87636512
4335969
57927807
67385223
79226508
120058816
106808089
99296058
2362074
106548494
80374671
65486213
4425640
35234852
54400067
16844087
25852471
19573403
35197977
51901751
64380122
100482282
19369509
14774241
17208088
70724204
91596454
37025090
103318624
832847
27618595
82344835
76420784
61449922
22192370
90095795
67078836
63761331
91474748
65094076
53612866
91159863
30259802
17991541
8536461
35167964
115226471
50098224
63804355
123393252
117122525
100353013
117685862
39917692
67084791
40772341
90377119
31274289
11249663
20981164
98300672
107185816
103169660
40208462
18246257
117631518
89434961
92195335
6248702
18160318
79997658
23245439
42216591
25197203
15975489
40192427
93526444
15604987
33073861
20498550
7993937
75012873
45787297
81116238
113150621
88730565
27990908
95505557
53894862
91427055
3446059
59694047
82145147
28390050
40212463
84678564
4262061
24758142
41622966
118745384
75310374
10178576
13351670
51599155
62693298
62036141
51085125
38509361
69140661
35869871
89213883
5072118
39309324
86241144
52061821
63428825
8186269
123274354
44557593
74081177
85184469
88459467
38305129
116913942
99776472
5326039
61547147
100463308
46854787
77845823
43761096
66061000
14192430
112337573
122995250
92489995
22383148
112621312
54666053
44069271
12897739
98563033
74273989
18032385
3791569
115415540
68678013
84991740
9154422
54978987
70484273
58005369
86464883
35650105
97661255
98710896
115073221
66563521
17956263
81621294
110371579
9134210
35685150
20660391
38026587
100820345
122940932
18605343
80709346
37401101
103535099
35752992
74547219
92699308
35204663
16851629
28747826
55175040
33838741
114391617
63438263
18600647
100463028
90891197
32300027
96142738
394009
106114381
90885944
116212015
51120615
68049080
30203151
77477431
96882735
22077677
39055678
68649382
48469059
31962400
74613586
122202061
90942890
86461625
5288220
41988409
90774321
66808268
9033071
39459588
44343444
103413663
43988683
15261152
30663642
42446097
56586972
43586644
71419237
47967674
96846189
98652805
2935307
89790956
52853460
114045749
26453163
45206541
70520319
46952796
21895861
117193375
81744758
37159016
58495035
72752189
87510896
64962689
18034753
43590545
38279854
38522449
17419664
122392460
7630836
20107891
8095854
35596047
3775238
12733332
51399806
20360137
27341501
65762067
956092
49404653
82474235
5083583
9865436
106524965
80070570
14133669
112371622
28824228
31606145
109585641
30393194
13341634
80282811
2264161
16714340
41826909
116051864
367311
52548897
5779751
34843335
114389747
105911092
6704388
24251410
15827226
114932570
23137470
3906524
47808552
39016103
94291971
119965933
101489009
105536068
22670172
24406577
106271231
35409857
108273085
111509401
101217939
116320885
104191675
36963277
51675595
39763069
10967479
16765892
44852214
40005280
83284774
101661794
72184698
28575069
39490408
118062898
32583907
5405893
119554701
26699028
79851010
2484598
18325715
71498760
100818361
114349143
90294343
71554269
96447046
5694868
14957667
88749814
5915919
3329855
32000923
80032403
113401634
111648502
118211026
5535939
83446007
121069538
111502275
80943111
16508844
19613772
22900146
63255772
12280064
109124611
107090903
13819522
15632745
80513966
11837939
83251304
107673079
122183300
46911526
68987569
55014810
80843288
42783408
98370911
4788679
113086871
54493497
56516145
13050726
28528875
28195633
104736361
34219330
43316314
20715179
45502360
7454724
46690992
114082035
44211705
61943622
99837799
73172051
60001323
63809377
84341217
85329859
14581433
109156563
1640537
100278598
101130461
28449867
83086155
22067009
31551511
80302825
92132131
30312740
43929234
102841725
106476221
25917945
83598239
63481508
103357982
21073873
51522578
35797348
78915663
29643897
83461058
52785812
88172778
57866176
17988568
106779338
35166602
92717451
93244622
42657534
31228772
110442967
73494176
93085624
84778370
3267577
119964363
99473204
116996314
101424698
110588507
2543442
93588566
96812564
52504135
18982986
108354845
28945688
48957507
71298585
19443069
115232761
7580030
29596472
100649622
92268982
108575681
62852991
30783670
59694770
20776803
20066947
36319595
93780995
22841285
62421621
12682125
78519965
44547195
71903264
13382226
70920441
8130562
99946698
101546829
16573077
12462023
57355250
95504293
57428249
112632167
63306015
42477762
70200172
21953192
19987625
36377849
86014161
87447298
82811019
12826548
87881416
23259297
76980925
45596669
61900135
10989034
9482910
119861424
23440172
32152325
106385553
81815441
65680976
69173753
74255024
20103127
102233579
5931075
109034159
117063841
76115402
112024400
92969625
60936931
64189140
49726566
38451511
34142653
38298349
28146167
38473218
5043150
95013674
6381502
28338102
104839755
117923683
13292708
121774802
68033003
55628824
33528718
12632503
10017044
63226802
118294034
67022037
46833730
94311191
121774726
116692655
82278283
118523155
18421306
122331196
88265389
108526600
52997527
42303239
845307
88011227
106633611
79009492
101587747
13096039
24586297
115526215
52975968
50331493
10204641
7153839
24612325
59582041
50699640
51238391
122162808
96837784
81635123
95906140
47598090
105156449
34927596
98637776
95935836
3722986
73445910
95709115
93855131
9930098
9098679
30233779
50078951
35514856
95877998
92789701
49017547
68365368
39062776
64894929
63010839
42830453
98784758
122716465
97471846
98381662
62430197
57733353
57385343
8388720
69938991
25548659
48198751
55147901
22416240
75909932
114237316
37892354
66151880
60155258
82797674
11485776
39575879
73905027
111128904
74347632
120698386
118642844
79503140
79679858
63281799
79345486
96077318
36768605
12828104
113220608
55617869
71544176
49864534
86339251
46070929
11394942
117054598
44225090
39585489
87592323
27169615
15567712
23470631
25878397
35816834
109948417
30687281
44598968
79073302
62549202
59795579
10667691
64280238
99353320
52230865
66288072
78193766
16941367
6368440
80065695
80815882
51220487
42980173
48126164
45757011
41555407
20466317
35201731
89835680
63788994
14243513
106692031
122774990
69076024
11072043
72180429
5568356
60525315
107190424
8823407
19926316
42760418
81966234
57045364
46415108
43551704
51911732
9994646
105896353
104578947
4713486
59108575
66213471
58536399
2056654
9062582
115143614
113794272
45697898
36079642
108944640
93593226
75665466
28773535
117302086
106553570
116156269
77074470
112767331
14918307
69693924
102995530
75349738
78856564
73958300
19240153
61667265
96048040
13718844
52314759
44367932
21562573
95094127
99233884
93674306
31634113
36692177
110698572
123222487
110928366
35995883
59207670
103206194
86124211
11710144
82884386
12962827
106593769
1509394
92384214
46006346
61000361
44735984
35840109
82831105
4819018
80831168
85614032
1882594
120476881
73897908
65788040
115450056
106218899
44840891
71859898
122755338
83995678
77863333
16829919
108952642
103813551
75541780
48342096
70356341
104484512
120755802
121162929
28280821
104588615
18969338
2811812
112951768
29167877
80420996
54205270
50610140
4122174
43297123
68136159
86972855
81904411
79542434
24130817
13835897
43933792
56397492
91618983
20546327
120608612
66515259
21077368
84697244
46525808
77824704
83555615
13532505
4903661
120241841
122891974
84719059
42418032
29194939
41449010
108068708
82967884
82278105
90754074
72516121
94043681
44158239
76662567
2328668
39327258
91213570
118270698
44753866
16355750
87467467
76580584
31589550
53215869
58665069
115809051
91732225
48011987
26159627
122271332
94538752
121287380
95089420
70060319
90618481
88509941
72385244
115803644
24821711
98407902
107509711
67298861
84420271
105114378
93334332
94115721
20797015
13770849
12634537
43820368
689273
57685836
122534261
95568622
52678336
58148562
49970039
32487386
36427687
59850154
64524693
86334984
24292444
113767518
15562407
33801350
28530606
106437170
35614103
109859586
43151067
82078361
115708203
74807565
25539262
88028330
73268235
96429125
50495803
7401469
40202915
22502568
120463829
52297902
82680330
87276961
83786120
36528782
104891078
67163201
100100522
45580130
55620175
11239650
98817887
111786493
92965522
17137359
18252551
26031932
98807679
64083676
4369414
101839581
49382137
85885
110604065
115386274
119755991
77689641
10566155
109694281
5672589
109182121
11292742
78601488
7148843
114038326
25557841
53880151
17166801
68811959
16133106
72727978
50942850
41666525
62170893
44109053
64636118
82856075
30154506
1023764
51285671
3069511
99194583
49613844
43690426
38545895
91449453
59479998
112776219
66025819
113709113
20791384
92930655
96747755
98717422
3432060
119662552
13495135
117542669
52423465
21162839
16192324
55191043
81071269
48566638
92242217
53884128
83626126
12785362
86447928
46749618
87383720
75787668
9853321
1993764
112305937
109869453
86341447
9483432
29549074
44748034
17040816
49334977
120813908
11416805
41022117
42137427
3563914
40827359
3063284
43686014
87468086
12675948
123343600
47327030
17812096
102558620
38445582
107887723
52810023
74779704
51512841
44346748
59858387
104599484
29851712
21192839
51352603
16908670
49336471
96750810
26606018
95980262
10462534
21410511
7687237
4756371
88666770
41715759
50632893
15348978
100012311
118377104
105943212
52311822
45349007
95326591
82041519
39862599
5334263
75498626
38991981
60032248
15430527
13520207
95061737
23904875
66717461
86965579
83049332
45220092
76135833
35889230
93358849
12345784
78628751
20679548
88689387
101430431
59139200
111878125
28516675
20508941
11248815
80272769
30871111
48264575
51153268
73490161
74347889
25932181
75566999
52678842
17910534
4239855
96602550
101802832
97768009
90652545
43763780
62046504
27084858
72107895
94935091
68414999
34197155
15831907
45371913
12046376
106939822
91540773
63283036
1050141
100268608
81462755
111488594
122291307
35134911
53101470
62096944
84964720
98005058
76212106
9363868
68841219
113570624
88416486
31098397
116244723
108235565
73035157
29375937
96554525
109695560
75098612
30504887
88675170
35090721
1610140
8102706
76855692
88289285
90245571
115634538
96447349
35158574
80841394
35728385
30941487
120775406
80683240
67687280
46264424
29241844
39891991
79400370
105166563
7937000
55790042
101832977
36279699
15755433
118504324
120635176
68679985
118517258
67114265
67498388
31065724
85714203
32206350
52319351
72397056
92573899
99740818
72115576
26670950
2279366
99659366
12027871
17274066
94095284
121990892
21768034
42792964
109956015
59707513
12812261
19552716
82659370
6693254
108789149
96383107
16999511
95838440
45222340
114730469
56813620
50931078
40791115
35947620
62311968
70720473
53284858
8372737
97757022
78169059
95900088
44561480
115038801
80190977
63342130
80920992
89839597
6165224
21888485
92716797
106624029
115753912
28396075
42795284
1526531
10035406
100576309
19926726
49651288
56158175
117471880
22932463
112580435
58832178
11814448
34843499
91962410
115567008
71769240
105301099
71256671
6562449
82610596
1591289
111175050
85624035
96101096
66441334
86683452
31073825
24102752
109494403
76304450
80314258
62150419
95150337
57113542
6863484
106397813
115287988
96360131
75114165
69768015
15401973
3069100
117064341
10210733
84764648
18336751
10473484
106361557
122786955
48035636
28886818
46777479
37063092
75609809
6286229
81147532
70997690
21949631
10099018
58209978
94558575
9367755
85427658
103718339
54255768
109846922
102404482
88752769
31233555
92151494
108833103
94783501
13336334
15170646
89283872
71078640
25670352
44282459
115217564
123322782
43031836
77412367
114439052
120725938
15174847
60828611
69916800
23337003
25749352
64378150
116081248
50358163
63705779
121095411
77300065
29276303
26131644
96233337
42422434
79190282
104097058
26896180
84877078
57338812
15801171
97333536
119460347
119731526
12505568
98030201
4963351
62301690
94930585
17460092
11594388
38349613
25542692
120492655
18578143
117361966
27029314
101050514
116300986
66193494
117500376
82345748
42616955
41191747
54845576
912928
14726919
86040621
112235281
82995896
84408182
100512013
453835
50053732
106274643
19641786
98177392
35256643
100208021
26053923
98064185
57551984
118258334
35123326
31810284
10694439
19218354
65661839
117908561
55581566
102648535
118508753
72404954
2773192
105520558
8118816
25582215
118753537
14190773
34933504
25328123
19333548
76379893
64974499
117846069
91612188
4615866
122002710
72565186
29728314
119073349
9164711
54512437
103555962
90359371
77764085
77139693
24363522
122980330
38706149
69219459
27793113
54130925
60032800
123005231
111624324
33885627
62196167
49394320
106572462
13773012
48175578
61615456
64332151
9384484
119678383
57024359
14199570
84105329
44950920
20523096
51386942
1537733
542462
9001769
80689699
28821969
17628203
96639558
57363723
16180111
121618165
27597127
17163971
95962568
82661479
41732967
117711606
27918564
39473420
5126855
21580891
81336756
42627694
23510912
36066485
10865480
31245859
101968228
88033554
37993328
11268167
59904765
118986747
33907615
86943915
113708172
54937117
107515917
48146314
38418879
54644454
51018995
112457585
92045141
48940778
86578594
45838699
106015814
87520616
32162635
33158395
8928640
85772236
69873789
114305415
46949961
97680669
54631627
33606814
16722166
25912631
18657026
85936368
39301536
29274283
16552689
65737073
24365856
14379894
53598893
103229230
78548711
107780116
119669694
58816310
41971534
78440959
49534347
40425341
108698800
58556432
42689087
117649871
27117215
122511088
2568459
94960684
28718465
6001135
3652705
2125494
6202991
113686814
41566143
101820665
77053857
37609403
49834003
41848205
104009619
37977875
121131599
93411521
33812815
72988637
62563200
72111322
78630761
30496683
24692461
97933848
88745705
110273865
94461694
9991980
11964407
86092768
26605533
13520698
53759104
56311600
79958737
109458812
70633023
64157540
111538126
41047374
22765790
76074916
122762062
122673641
43731057
30245248
20271905
50661044
118518718
17750566
105202706
46850826
60804030
52720099
118404173
67064739
49757559
89488641
31900332
68621756
53208598
109042645
62329335
16202210
123454055
53517380
65674983
91906191
34485548
24909988
26696054
29484878
1796294
2467525
3477067
61858798
56572559
97409551
112945828
102728070
48104335
48841125
90144549
96215846
118439450
42705469
120884882
20458417
25476970
52299683
13934243
92327143
160192
2293771
68878574
99740979
1301698
57590998
83593268
3922982
3196411
60148051
109903849
120670879
51456361
83123814
86866497
95829970
1546404
47978719
35541790
29953145
23148023
82973555
104477047
93970901
55106419
40785315
36764260
62852228
117045533
15326424
66158051
40008216
9173337
26477960
17697434
75598205
108514613
73286047
1077993
73761652
21490199
38939894
121917117
16375363
21979492
42110624
22135614
49519710
116049279
80784255
87418709
46181732
71363998
82442678
92395279
108543148
34269201
91632993
9098819
82117493
8694058
17812505
60690313
16076500
35079193
104303356
13822025
106849286
75324488
49627616
78203972
64610570
23841206
8658075
55107604
59889110
78415555
41682056
26349848
36373882
92860597
104295969
62656239
6532489
22938912
123077788
73369498
70391706
81580122
10924421
82979440
5621284
36764204
38352351
46400709
98398273
44760712
105850673
2837366
23833255
72790576
16717906
101760671
6045777
13210065
114759379
49665198
117338136
20447556
114603020
62644038
24012675
1906927
10430771
6962725
120278559
24454351
94566196
112700603
53680532
43003055
87923506
39049677
92035728
113278880
22587762
121205289
48226977
110429546
94841007
90864718
6356075
119566968
35918039
58971257
29250281
8298877
41405022
59948256
10113646
33160125
13227315
35528512
3790529
47593026
20427915
55781496
32508524
46125257
84277186
20780089
99665934
48083942
101243776
6799204
88006334
24396960
117625835
92193884
56169914
93827724
67498990
16812353
109376828
75099663
72133979
114240278
12960269
113132197
75140595
19743619
57755028
100049071
69793995
57712531
101765291
58916682
25736513
20385986
66637842
58091355
25803068
4306085
24741276
4257182
66595692
40049669
88996213
74336897
62919530
62770977
84300970
592540
110328231
120004462
33082613
117632294
28957388
22674900
103463823
72385150
64262666
76500093
36395742
65113815
114487726
98987654
3340412
11261214
66908733
117411640
22480144
88770343
55315010
114585731
19387643
71826301
3151209
16401336
13829167
29908286
58685914
47038229
50594993
45990857
22024517
58917565
15393409
31715225
67482681
63116237
37141359
82167219
78944907
101246704
106353334
58102799
21978282
21798290
57072150
101053358
40643305
20004094
115407374
79235889
31600069
105739413
108199170
3889782
87647505
41267346
42127709
61963381
111900179
53585321
96854519
17307336
60757664
38152406
117507365
1638663
68376030
45653601
81063067
33766163
29242957
9067448
97840872
6767041
115171868
94832094
15778346
9775959
83760244
95051756
103449900
36146247
92916725
11266719
85123099
45074439
22136837
95234220
60168074
76442157
25518131
78066295
46366966
74637562
105671842
82425724
5214359
59951907
71500139
25315860
10612151
117279156
16418758
60515507
115359027
56557214
60829779
115113175
46478285
69783361
75963487
75830509
112598063
83414961
117859871
51485139
72968504
69780801
58097116
73479575
118947244
61979058
78126706
25728347
6596813
18104964
14242617
42890589
47934279
28973194
17423693
116205944
121690727
111258125
25161527
107578957
120435668
23292397
16008680
79453109
53475630
79539782
5148588
15688691
32737826
74468512
103118003
11453487
14686747
3376327
96686278
77498980
113463846
46540735
81382965
79334123
77298536
27543335
3251399
70196860
89745197
98830850
57988757
103735447
119653781
39092597
121417940
18470904
18613704
97775884
74773446
19854440
43718441
89492899
103870788
99424597
114319004
28044592
108415473
110633542
67042073
39180464
18444037
84852126
81836584
75438445
14777976
55586912
69448218
21850618
98323372
69591979
18891221
22740387
69840296
45215720
3468129
35094621
116281924
91411392
86197200
3868377
48709167
118895694
9026247
72190344
10602
103855509
64766587
29485557
13614497
25324776
61759873
48002825
45567666
68680120
120404089
35902034
61259985
88109709
107757844
42194752
52890682
98387023
77411855
56709384
26595036
34862577
116950408
21068420
108108231
80392130
13732944
16814082
88881261
67662001
41301372
21902431
104564826
113381021
11306889
93827724
92658539
115111999
2342068
116713084
30480684
52647830
89604610
80039132
103445398
83149558
25312499
52779042
97846177
120705611
43503075
98395402
95593419
73911599
72944034
103598297
11612248
17300886
27066933
42127183
78306584
61221658
12059009
71942825
60593758
97682590
37387140
41497981
18184412
115387649
43373762
72897572
38674762
108638861
38791835
3921794
7600880
109143909
35496223
103146550
21786945
39384258
13222138
120311582
110015941
29698749
67665430
24648542
99333335
12381032
4609322
85943757
113145225
22817428
56198574
56123389
26626598
97087890
14188442
69682442
9103160
7272842
25446323
6265275
73754086
18597726
50963531
19287975
2026596
96790536
2306672
40010853
53111282
102762075
26737746
14645273
95399663
26470249
110234800
104304668
10689124
4603568
37978649
109769032
51433827
123101363
98817906
112105826
5198624
41976954
22113175
42351554
72516892
83036943
33162263
24789496
26020118
121597560
76006308
31223637
174087
111557747
25200453
70598239
72861862
103710607
48573333
56530858
111691643
29427524
75438912
96146650
42178058
20040702
14738867
113456884
3026070
11525190
109094217
15347546
100722122
51837407
44100495
44258601
108977710
7745586
96883442
9206927
72444635
77185249
24505045
8862926
66838204
68301387
106655
114905023
102318317
23355592
16952928
4103823
56499863
10277665
98579671
33499608
16825775
112824239
83232741
115305621
72284579
102336779
62767913
81140442
51303778
84851467
71167021
103534406
24511991
76073614
26164929
63147822
98940733
102901623
2907442
15799203
64257360
36064521
52570951
80379131
42172329
71175123
91876746
82555073
81230089
101321010
119858022
65348362
8059189
60616272
31396852
97076130
64240064
41026597
19135547
57108818
50517755
55915350
60400886
89111835
116213282
23672714
114161896
4470054
14988167
34446739
38673440
111579556
71335069
89653881
118247475
49974821
88487275
60995649
39037069
3589861
106141971
61170168
108755092
17408014
24864014
44282504
66443145
18823689
97114268
112718920
114620773
64574397
7981855
69739793
59679410
33523932
30491441
35675771
85163681
109852168
116265835
41945098
54032208
54934786
93498349
61204413
116963846
24784743
93964421
69247598
32488065
72234961
83073842
36446061
23069040
14039099
102688204
68880223
102702423
85316563
87966123
40162797
113733375
10262581
116347646
36171711
51840452
20969641
3312965
19009206
80366778
31914166
4279232
116374545
67955853
42661148
67980199
7978334
9749846
65186404
74763610
52305746
115428834
118692362
73144578
116485089
24486292
113176106
73597174
45840980
46461591
60085816
100699000
34002570
102309664
975160
123349065
65657480
19869413
24491139
120355602
109143483
3559006
57424207
19920838
48558526
5816681
38648150
81272078
91042698
11168450
13652702
50558516
24615928
21027922
20371105
38286904
107481065
30141961
85835897
3935680
19635103
35817331
44399577
109147802
26999819
75190270
88731061
61104615
93315351
71546366
61918565
24297732
103151080
123082204
48503606
44864754
28222667
90859578
43042770
63415147
49991136
90620353
46476976
120896553
67996576
110214914
116055712
16704527
99442211
89135755
49593251
43176807
46047070
78658086
69440607
42166765
27597959
7182460
12630816
104738310
17445439
111320599
112309304
43025969
101880373
67752352
54002112
92493340
53036764
35733183
111175223
38976776
1864657
15580066
108053770
29669876
50252026
32197065
94437564
98266226
120758404
115339873
31486498
48803451
122983946
74702826
67894104
115550556
17802869
20976100
37537073
118688567
82069318
13253236
99999892
107415929
71241473
121906280
55991933
63432743
122778465
4023560
40360616
31672472
89673744
57367500
103218835
52050034
14347304
68033
82662764
88513647
109512437
58586391
101531464
29618285
96484096
11516523
87697237
111619037
43300122
93762917
40226086
92316682
70849493
720546
39957393
42747384
110605738
19259232
37547586
22901181
81057267
34964917
109014128
76058772
24441513
1848469
89101282
38340865
100675335
30600217
111131908
51316055
118585597
30674818
106824340
26833683
22144311
47480101
121364749
38624274
99913383
109374835
66380747
80399104
31859358
20814368
10173022
92611001
105623937
117112727
107470936
33297631
28190672
120442438
63555982
21819392
17398162
57070544
24530582
67286668
102034913
72943949
76986017
58064358
16336775
40651905
40299141
11276008
68637913
53068284
71256417
2699721
79265166
54608887
95712056
43816800
64202822
106286167
115052550
63950592
88504046
46803648
107303472
7844824
111095881
63094211
60879429
110160637
67613446
15533091
108028049
66020500
122992034
13685384
6932130
100277664
37096603
45916426
54755074
10427630
77222477
57689531
110734207
105262237
85323966
39400821
118202706
111802777
46241463
87226489
208885
80342538
92367593
112656381
51564226
43776920
36383156
1408887
7670936
52413461
25224770
108541577
8271654
76882717
73830853
99436490
91662262
105875100
67789023
28676479
65836466
16836331
42919103
108056340
48086431
68361980
80800014
105366644
86944070
42793452
44662162
4497960
114828556
101211936
89736633
77946241
77423681
82457307
17831499
83071909
3958130
76543006
115597289
36937867
44104576
112441718
96629099
54590969
115379727
83646617
11584667
47956289
28931147
51074248
28687145
72112405
47302008
41157514
96369240
55627855
115539975
86069080
97531038
81602359
39044612
56056893
69288047
20316044
27011184
117585487
80497613
33031130
91777601
21163315
24192456
86137329
109133831
113028855
16705527
42323156
63899313
16953497
86780561
108589765
102204071
53348009
8601613
117745881
37444028
109070025
101791394
78110816
79480614
21925009
88885470
14945875
14424709
17321494
101328326
21876505
14825726
116998314
36765594
85272766
18278373
90464419
91376226
37731764
82328472
123035840
83500261
94792938
98424188
109537500
85054544
53082003
30546887
104171670
46738424
71851571
106642352
28967021
11565072
14685322
78105706
42745464
27993064
81804465
29441568
63750342
55805213
109898396
3838623
17683410
13696860
27634239
73582530
121347269
65247161
10361207
22407347
75061619
50012416
53125511
95783664
111850170
28132961
87804739
67772066
64113563
112751171
113687554
79162872
12975055
40800866
76375888
121143389
118984778
74740687
37003002
3370371
120040575
47527294
26781292
30153346
104578183
66587357
23037999
84839522
117320984
3864905
39503883
122783194
107468798
46894999
87280478
19057436
2017566
92827164
86151678
103383896
61080555
34531863
38620524
111195302
103965152
56090903
49175971
89686733
103474464
102612099
48722563
46785454
23677193
114726030
106046250
31329393
24848948
37575570
98892967
113928614
58233391
43788580
34181568
49899260
27917753
99744862
91746964
97965402
50556344
13294809
58406955
72654347
22810838
43713548
106341852
62889783
32269119
21350518
35781568
11059911
16105879
34236526
110193343
74351548
87428994
95584938
30839150
78825123
63727754
94875184
24028677
24751463
27642117
9011482
70948567
36571958
114204697
7456912
108242143
35357379
65313313
109794396
82578773
108779372
105048591
98357074
18331298
115777371
102238105
57604236
83924055
109045576
61653668
113648475
39646064
92862487
13010660
95856211
97798459
9512935
7207654
16953637
15637872
42414166
14562311
107800242
14443454
11146962
121147357
63006529
43505838
96090773
40770647
11969077
16753484
8916367
2550464
113716330
44196513
77872305
69325083
1937466
79045344
61708817
103632890
50041023
40502454
96673432
58166602
32352822
94899595
113488857
22222076
22041712
100211988
93133542
75493543
3523120
21635166
80214674
41692372
2754266
107840523
98533461
120233161
50933269
77615252
93557476
92075025
108123494
65250494
66403074
11376707
8343911
81921911
102786421
41179416
45363417
90601883
32495998
8182048
77109442
34133306
53426615
119942200
97350030
26710888
56663773
99024797
109404472
120217520
59339745
1707049
32726512
106044007
68345711
54280509
7088454
85922215
23568208
60534665
91348351
63445909
122329534
61144655
367348
28393321
119965595
71054944
21746982
84501916
119727600
20447341
11521797
2919446
120065691
49750805
75466017
107834349
43509413
7941574
108294075
19609795
29554376
10401959
40511532
26704985
30947721
52944835
119585672
53831855
117989572
109476134
114444049
7351809
94111867
30331006
29704149
108486246
40387914
46986036
13213580
75156630
42330286
11534064
11732207
10237441
15065549
970405
92174150
70499758
96125621
8770788
49287040
55853347
29911576
65238574
63016092
7660835
30067678
47127835
101117752
36603733
105677596
80047598
97905486
6425009
68374387
17657586
121836168
62608433
92007869
89731203
60610286
102989309
20324125
113679931
98464835
3614775
81411783
93840164
4887057
14572186
28074539
68376812
34019240
62455221
34445685
20958862
93435075
108056896
106555607
76872323
96927989
66722492
48088943
36679245
16807237
22985966
99271713
87404929
62307350
17070682
8723313
90006439
21164077
86123874
55576919
49730091
121661121
107090989
16053288
113622716
643603
55222065
34322698
3102760
115441000
2350827
16605769
68901811
119126507
87542314
26064304
50377373
90912301
65366958
48911148
8082035
49847442
20803900
80338424
48789394
60121720
37322849
22921625
78660393
9917116
86948267
63371311
29202783
49420079
45676819
1832022
10441511
112755486
13604350
3400485
108374482
38169250
5862921
50309797
114609690
1759205
119040936
56499680
7584098
24447543
4491189
50583229
20472468
14312299
102924862
23497062
50203113
24783063
114471031
65714617
90813900
16861722
74924088
83777504
64731329
78559481
41471678
45565862
87102662
115680763
83079456
32527455
67830126
77863606
70973100
102898907
31161549
17811052
10679807
45777707
68171332
110396391
30619578
116098852
99697127
54552602
112176552
83591905
30139525
95237279
110792323
45621167
54525284
23413293
122942362
43427717
16460266
66954599
24896479
70935054
31188860
81679227
47678964
32885419
36827935
97071657
36992223
20378926
71055097
98626622
56680646
87765860
105136463
118541881
11114941
52020131
30372174
30428861
119375997
10124635
20493540
47653906
31230464
90544291
1452082
42463437
3239920
25909781
69054316
116087908
38835994
29732558
92129153
103718283
28943391
59500448
111292687
13156437
77224856
98079634
45918564
16380271
55725878
10676691
90891835
67394078
55040834
98327555
115524475
121622778
55166698
17091536
37970608
123240283
14495822
101836970
4710696
110490149
27468212
122242502
29511929
86884584
54225247
114672566
120798809
79682159
101166342
63366509
47174923
101848050
67857581
20695200
30937054
46269975
97784202
65933598
119110017
56902212
59203718
12007495
94715735
59406192
32148112
86327146
89535772
108474000
106642519
6996355
93397709
48181859
43317184
10559834
102566974
79765656
73362187
71760882
88284982
91851105
120680643
17794951
36920862
103894473
77573155
77219061
25054254
106532361
30575119
35715254
81127283
52276608
69978754
53002770
80891606
64616702
27409876
31146422
34450076
120324198
1237556
89855005
68175022
98106052
20469919
70150610
4013561
69666131
55779680
1580762
107259420
56945964
29049549
16623554
46568423
78473824
58920626
42468451
111881403
58832586
19484204
41070537
116410383
28247875
19914914
72450647
6029774
90246826
111567774
95044888
12796859
57135614
8269721
68765971
8706823
60560951
113236052
19147115
78138421
98353063
855405
11196849
21904974
24254488
42781737
119435034
39888867
2524117
16495233
87322143
101630896
121017337
49208971
27440038
68216935
111734093
101253680
99760063
418489
23722585
64181335
91153340
19307095
2560939
42880213
71333941
119844205
29696387
27561046
102748968
102892709
99979286
32375650
59457054
97908892
64051765
110890981
74480867
113385644
65016579
10848226
110839884
104262296
88408138
15038714
118089885
17104695
62181463
73955205
41148543
93827867
94679826
72761324
92402367
5917135
72915787
23186270
34198770
43763576
33434191
77979955
2399749
98909589
122009805
93513611
21674785
5756723
67330726
100988621
112462017
116978895
55577143
53088609
117226880
100692903
5432210
68443614
45673489
44950316
84297723
69477000
12168786
16801045
18002626
47014082
113830221
57410367
9448101
28653717
4115165
73731084
25932164
1761475
108044206
66692686
16189222
28239414
75475845
100001886
67027168
84328077
37091288
104415195
41648263
100834391
13394986
113178602
40833027
73141675
67670232
80960435
61978484
19355004
17089784
58079614
1459604
21057717
51679699
34406692
32800304
38608842
13129032
61713807
38883482
13220721
46941193
74586182
80735770
38025347
104326714
60782863
66930447
87617286
101511938
71408920
121483433
58468024
12707364
108376536
47913393
48718809
83183830
58776613
16057071
77711743
61218972
40841462
91451931
27201689
61214524
113505650
82301748
93786673
44775762
63164211
101911279
93768588
61230414
85319182
82046672
52160901
75416144
84261491
77809721
29095042
66073606
52261449
111645753
72796947
99399982
70960930
71751490
78261612
95672858
76201878
84375450
18240396
19531941
53927328
93725227
122351441
33781552
66131851
118245271
12932193
36382531
41247746
33550142
27136875
82184227
117478535
11326259
24255648
12722987
25765615
15676144
93933524
44577239
108615551
41355967
100466758
79273138
89914937
37860850
30467172
47687789
58132519
27248916
89846794
28445849
40333064
38061979
103123043
47012147
56531241
118128724
53806573
63445365
113186526
25777471
17963342
53582573
1138149
73590547
107878900
101092206
2375777
41198867
75807926
29514030
23110487
93354883
20403641
17796631
64368258
98442742
26633026
106037682
35154991
119301267
38642399
58947326
95685435
65423238
57522166
12255010
83189835
60999158
24110913
48867236
84695704
45014213
97064621
66972395
77080273
111618998
116570704
7119814
70826459
81825329
108818053
14443560
12928504
122209482
18308929
85032406
1442020
120671231
106927295
53580757
20553621
45409776
105458177
45584629
82492498
89893681
76141174
26976063
70664730
78882884
22109270
100177008
23805137
118003441
94846339
33057918
72977932
80027109
24019126
36809079
52231992
110006996
76742978
119634705
64075197
108776439
55753660
33312343
103256097
11904039
34770919
106271990
122880789
119275157
42889301
2321928
73876052
117973235
31470519
101059895
27078011
104858340
85070960
57318838
100405504
62184771
6478086
71464568
44733872
75058144
115471130
64067201
74285771
92213556
16857237
23915878
79039473
37343089
116157591
25773519
74998867
32524598
44589962
99908619
78837021
16783862
50023442
66240334
66132668
107223291
17454936
123108704
73988005
73813552
79537096
33524791
69706089
110069841
96988461
21495029
120117704
84513208
13832160
6285582
70273403
17796605
39942205
60368295
84306538
69802731
56710509
95057781
56095737
56519090
86512276
91873908
84029563
30084583
109114027
52662404
86847886
54725906
111919200
52837885
74412867
32090011
21951032
8055690
26968128
85105023
112023588
54138656
42115607
105884895
108980935
11604927
18526128
32222715
80834442
116244829
110017107
74097282
108135126
14624304
15046807
106280962
2006316
2045654
46727975
44469452
123301342
78243808
18170923
110814169
17663223
44378068
92832721
56091388
7796632
90616041
47907111
17063290
6724008
107879536
112187708
97697024
32659550
116502209
90492239
15564940
51596046
85561004
123072745
62131602
50177781
117608594
123239894
33523698
51336038
59722462
115037516
108124716
110541947
9468490
100046877
8142002
95242184
45808934
50027745
39881501
51735414
32709255
38548001
52536826
74593467
80124226
52545038
14823457
79651595
8190795
100281368
123338802
16241914
74820020
111437794
8017691
5196630
83178215
63466776
77893401
78292623
49934024
117580781
26969670
11959949
11167162
41560156
75529461
38249121
15820074
69061211
82949585
46393689
29943867
39818086
47069490
107355149
111292380
106676042
27059526
41500773
64703306
77008755
94628992
32224439
60685226
29664895
115558947
10214068
91285259
14271662
111124667
53479607
72885552
58002401
110914012
66439218
75873139
63992690
30957349
41368858
69399717
21743214
119446244
104838548
122797183
71321294
104644784
937344
29938829
54636274
61771959
4218649
36255506
102970838
30315411
89226981
52222681
101727107
83972873
114887049
22365442
111505018
101478913
34556086
50206569
82843919
23613572
83039179
71148965
121288961
73325167
66061323
18832727
76434661
47384969
28333878
107342656
49532617
85657400
89925940
75366547
40143680
89284518
8034043
32729002
89599
49592610
106329575
54339338
57321765
26549054
51526207
71606266
31854933
45935247
25486689
18670322
62512798
14488012
44882469
29514360
78187531
109914680
104942538
92631333
53414809
94530417
53908340
95791522
47349232
118887983
3290509
36739016
34130372
53239361
108284295
102557163
38735218
39201687
103447985
53109462
46989650
98731513
66865724
11437072
11279219
23519586
58393614
45790868
43243045
72569220
24414197
36575613
27400058
38334455
91215569
4039917
43175452
22867335
30381750
93481703
77497289
85449459
671775
59659148
63732979
59234970
18655268
105944532
74521198
981429
80095810
43600797
13632760
85357439
34228321
96154947
7825714
86358423
48673850
43114966
42675815
67192776
78180842
71012462
23309057
50294336
2990887
110195759
90179825
96568932
104920431
42324867
43125356
93843756
40886616
60872105
11843604
80189855
20113491
102215054
65740131
100132847
46296879
6577704
18161748
5734428
38593707
6074915
33882710
37923447
46162405
17413622
119930170
42989794
37651288
62203084
92534784
58806458
48588129
108636886
103895250
41101460
43626734
53619753
108636568
123328059
8265586
98736744
32114716
91981285
37269217
34444358
122494876
26537687
8715262
4224016
52556756
88335230
72577968
71949979
33027198
24904113
26634283
28078477
110597843
109110360
14996070
117335476
25295806
43504554
178280
109322193
20234241
34519891
9606279
120148729
113341977
71057680
18582314
39635989
47370865
112485561
44039432
78740627
815661
9245756
9462453
48113752
108433290
63678429
6992757
8961188
39917848
94077868
2267703
1936565
63902237
65690915
38453568
20378532
113963873
33141209
90860155
27962974
119439725
20457400
32349186
34601843
4195565
67777569
83082679
111449715
36581029
94055585
46870059
13706830
22188370
72398529
92553175
22693177
90618229
109052012
96303715
15092911
91261536
60643987
77708006
71931018
59942603
112486519
84511723
111948440
74818594
63075691
46464351
82101951
67506797
122840917
115554882
89697451
111006481
40811129
1546301
96208718
122095943
34593960
45912257
83390181
95717713
114498678
86081324
81179803
70400611
107789668
8925395
105159576
111854270
47080541
95706462
24488725
104536803
86670746
14882791
15346038
99366237
70749426
21675452
17755356
87028882
35489638
17632004
111780595
117700875
20550170
111271858
82984535
66069264
4445004
113772022
17359216
68507301
55293031
67218925
122519283
115118139
56412564
48465639
123098798
56114201
94770411
39433782
30929353
39483557
102385859
122161440
49498759
83952955
2261366
117160499
96114401
92675625
7558985
70634709
18998473
23458172
62605198
110750779
88538143
2205868
73762685
88406700
89167488
113880061
31686224
23140546
31615785
74628527
27722516
52620166
42955999
37387798
52556987
43475277
25935968
90066488
117467727
76589781
12769756
120220084
3323153
67570497
107925651
48228675
114214533
98868645
2023458
67608855
37051508
3561810
104551035
29423658
58799170
406882
26432830
122176297
27891459
3820786
87885204
37369343
88382984
60536793
77989163
33319702
78704586
12740633
713940
101917874
105525149
85661867
115472075
105133501
43982112
78240264
82063704
116281582
60097599
101353037
66823915
74653492
102122589
65845513
119740640
115747582
94995288
18589747
115031686
9733656
15217217
106102386
61867252
26459778
56892992
77254837
58206161
105120675
75329108
27784102
100448006
11021852
92005315
46399875
84381235
66320271
100757768
9690849
60465637
41899606
54153833
100242988
20831532
26551107
37694858
5025106
63439179
83144479
88590220
62821354
91567121
87001135
88156650
57681393
97009380
27893980
70156168
23524948
73798329
45820278
117635814
112082963
89989904
64075829
70656093
82337163
46563084
87850991
79229147
90892684
31726237
79167592
67932910
102142933
87357874
36159634
70998456
35636293
87277000
59688294
59380531
119874526
95029148
118218796
86571459
228923
45938337
3900514
21106651
59470784
7447255
20245113
43445572
21299553
92128570
19993747
15813514
57868759
62213549
20718097
20237017
105547308
38593329
98019109
40294136
99356132
74714714
94301947
114238792
13550866
42212225
100052065
95742968
94280927
33028779
27486909
66494728
21987897
59916670
22605634
1654756
18035584
8026428
102508655
13732730
13217384
15633669
46895014
87126333
119183958
40713660
91779864
33631757
41221751
40518213
89437682
39629942
118750595
39052748
93713041
114900047
19068799
119881952
22455086
112705323
59083517
40187331
32655407
46870808
50666458
111238712
19320619
81218333
52354256
17414397
57834926
36940208
58290214
110650283
52369998
109384782
110103187
40174874
45044637
15894279
81656756
64750419
4257309
68730181
24468238
7125372
114302781
76606378
20430772
29897176
44971803
25528631
105923457
16351735
44358547
61593836
120865912
22063010
39054737
28462810
28546029
44811898
78783817
35524127
77895672
116461320
119616229
73958312
68972571
75040687
67766159
113450952
101091904
96385667
10876811
97822937
76516363
13401320
95795237
59037753
61303251
614582
36515839
35592301
88644190
32201952
77081519
9103731
16869639
10626399
109807578
82780868
99397701
106143968
94327497
75420421
7504556
119511747
45105634
78576095
25047228
87125733
34385339
44314936
93353564
95719948
78160404
122228412
89551861
107214946
25434745
33809972
99108255
80156480
51686376
97096297
32410216
97049926
92066657
115310492
79437057
5801673
8951087
67509049
87194612
7021672
25479622
72094412
115239888
102968198
36288165
59364141
16989069
19019100
74480213
101605502
39813311
115050289
1578780
73947946
66950368
77649101
44385310
41943606
4178729
32134745
58644571
116485847
87975482
97967656
114411371
50257059
67255962
103751262
65047239
31535326
79160043
15365036
49083620
18618694
33408590
42445500
46959443
34908500
49358181
17764744
121356209
17736783
71723033
68628284
39874155
1790997
110823690
103374501
27448079
29968249
54864808
3305519
116812927
104440364
94723665
117971283
72971424
20177887
98997460
69064250
84877438
13834462
44999432
20839513
12071436
59073521
44789968
30639690
34244271
17845301
67722295
42661269
20076862
54726776
53021485
25446358
105939124
82308296
54816321
28210848
14886070
94421126
68882202
61631171
106293877
96400296
58981456
102367634
12806323
92740273
32517554
50040357
29715242
48012719
112770520
19773460
90242994
47163350
105105597
93986289
116373827
80259612
81408289
35498620
93878059
99625046
76842625
115967908
95959836
61498054
90812410
64932847
59456035
6474390
34529581
122935375
73418932
13472736
86293494
67304498
56110791
61829726
110935231
53102834
9901023
112941664
57139043
114237044
33320850
48468288
93312372
119751417
75528842
3474403
17873314
119424049
77400115
31976477
64698397
92800432
31202256
60724721
27455181
51058459
9828750
58078688
109759361
37103418
111713761
104314188
72394524
463705
92482033
37206288
13193337
80525461
8464060
2931127
118217050
81597622
107257827
104886832
20171864
47299633
1216753
12292111
89868647
50136288
86644172
62056593
80337
116062319
102588827
77084910
66096268
112732436
70093172
50678592
117409892
41843878
80816464
35842612
25407172
15069097
110132375
111218603
26941588
33788795
89185598
122192633
55537033
70958203
74254921
18372006
84399678
6327655
85395950
15074269
48823955
73235236
11270903
7209363
94419170
85562580
1326353
2917862
68283854
100171076
72340237
99705479
45902078
61334316
28921017
102573367
64162268
116287203
105827376
30397424
85223608
6746656
117365741
40945005
78957037
9865916
15912971
100157252
86101347
96890867
34913298
105244868
64281696
25560686
52953696
120278275
43646098
33859683
46438574
19238279
79319567
104728971
57843574
33646670
119665383
10732518
42716526
35435118
39007556
985776
54882735
32531481
111123923
64940134
33694420
107556980
46700041
69598234
25339652
114015847
116803009
61181191
97448309
48388235
6776540
3130548
113424195
95277177
115737944
81243646
7927626
96412432
65186250
23839212
122566641
96827642
9069519
83499549
9330685
4961694
9675056
91070748
63516199
93927245
86491946
21472361
108718631
21079432
46679587
70632424
103645017
6945934
11059745
87624086
42405765
119874032
111910175
97725054
59869588
70718548
21313497
55200615
118084834
7333207
77530251
46529033
82878659
64130862
82679967
32051536
41710136
29622801
99270953
49878310
45393106
120941435
81993866
3664297
49530514
1187795
67758281
104502195
47965730
39802196
100439643
43452434
37949833
94101991
12579298
102666557
75835711
1881005
117735493
84176555
106970266
35866120
605027
122432282
35670310
116024943
92076454
57020028
39681557
72897757
16600372
101651221
66683446
83410799
47909137
50708022
69064126
33644750
37434823
29051873
6558538
40843354
74508405
32858920
85668512
5018447
99349340
34081375
69573120
72298375
62945524
30626550
109032103
57731214
21435170
26194884
97551786
35978693
66357538
36324623
79607237
2594123
81999110
42245335
15689205
115708929
13107528
119408816
19168178
12243161
7094231
60371965
22125189
47700508
74135794
65008810
77227101
12354560
77892759
67526665
12083857
21325940
17440674
30422744
41727127
18746226
79292251
40370511
1001143
91401875
74072955
45676669
24088407
65350446
117393146
106393038
34628313
54741553
104019816
11976010
59374496
92346200
24388993
82403820
80939867
11923920
48071253
11030292
109993356
94791190
69045552
17127480
99536026
110907323
52696549
43821070
38077722
22146848
90119460
118817309
99164965
20467589
56580235
27842625
95983505
15412765
36622270
71229773
97463539
82628952
88370688
100791499
32843626
75129582
106339141
91252061
49631886
25700573
34414715
19026527
26700393
102004201
100531505
57177366
117082825
31688
14763989
116569601
14171628
34003122
86809693
54853399
82839219
117226081
63299175
1037687
112302009
19504508
36726933
77940833
110800714
112364671
84604180
62153732
76930009
29271545
20496243
19181308
109462282
79398443
23654990
13657472
56013487
56108818
29051629
101136984
112922379
78584844
24263697
174556
21549240
117919974
49228649
86883421
59432005
121588885
78033557
89052160
2206379
32796192
117326432
21503386
14066475
68587366
18191644
63542100
84948930
55571171
1459575
119249668
109111198
102982255
50408021
87026532
21176873
79456353
82813853
11715216
20707766
69552543
121202288
72097339
65754623
48450193
35721171
107078633
4956340
18775982
36043453
68445192
97354484
76791831
101286988
67849473
81400638
30365052
108494365
53793408
39946168
52260017
38453645
70415041
103807350
44841378
80044907
2334615
40599133
115830764
86698499
110550845
35560387
21291177
26473807
119690872
20013404
25779466
51517443
96508877
58046673
65104162
50522859
67796359
52504913
106367001
114816545
47171033
61628369
59606913
55737
122917470
43368110
27865528
11482391
56586103
3797676
95005350
63862878
21061897
22847355
40170822
101594076
93901743
3879014
29338154
4105170
103892191
113551886
118673602
3946336
75273706
109456549
82535766
51987038
16723513
73329095
82930599
23358185
60939729
12535772
111841673
58311405
96030803
118758137
42736467
99298742
23482991
35847959
90520902
102586565
88622346
10256526
89701930
37668696
34370093
9399057
68544596
114381021
33561379
93328709
122254249
5189729
65872462
29290457
17916844
61167541
15048233
55915439
86650008
86240326
111809364
107800552
67989744
69697659
117003169
69214959
26087668
47932455
47465846
30397302
107544339
32820212
75945786
26031744
22152294
58193593
16534588
32798329
103306007
36098756
85006956
117085896
100794605
11526363
55289023
48980953
21465335
39757133
84188650
112485973
26186481
30248620
52191810
101482801
74718017
101073098
75993309
9319788
69111507
89642733
55152328
22106410
102070108
121920924
55200063
83647821
8261610
31123748
123206243
60051601
44252086
73406160
20543625
25641228
23845112
49935032
11065448
59611368
50153487
30927333
104643157
120607829
29366307
33406605
33454790
78594416
110832132
97837471
73087359
92498548
116602685
101164695
109205185
5000338
91029439
84792885
73421159
50495675
103929527
49872174
16167273
54872487
33280868
43711743
51251918
52254285
114697194
90449319
10171799
23313670
3173624
22353624
36336681
34946215
91133926
88163799
54377847
13738778
16975130
80402275
35599485
61533568
119942997
61596589
117580713
99728713
66838049
114032422
74539401
11239166
17569744
77402272
68253312
105456273
38361536
3796410
122876308
67521675
77239515
23637950
72452874
116978768
53442654
19951806
75640932
60727019
115202151
110783819
100077283
75309608
120379089
34839771
103638219
90074792
108822967
120998093
71774245
90740780
119986512
76607781
44417243
60061082
104895763
22853457
118380087
7055905
57857877
76678483
22915302
121006070
57609460
97821904
8811498
41907896
70433324
40719364
88561388
47291651
89199422
58876653
117650643
90435453
48410700
113085168
281241
12713320
11120320
18586081
78194659
6766333
28964343
40457845
13338398
25489109
108898132
76232689
59240151
55795351
117541535
32982213
83890121
56915179
54215580
51284901
39252605
120595087
86902526
10183509
22358682
21448383
2546811
3195875
99881869
24397573
28436672
83453933
81676411
73870257
119256024
42136467
61737363
14863937
44035656
15659509
12138173
44451630
21531946
73360794
97497351
58806976
106442775
6766799
36390155
45927525
117839178
548450
36146416
95757108
11116410
101080799
33200721
54299543
104044249
77410623
109905079
92194869
122279679
12690638
98953667
48186098
114968307
80411339
64099230
118363768
54410469
117744446
12919733
48721340
75761227
34102905
86217012
65563898
101099480
50727976
58838072
111281156
115799232
24977396
48917459
15065408
97662086
63122643
46127647
989127
86019307
1330711
50979083
34163111
11789724
38013718
33147400
119791623
35307785
120331527
99638624
82911928
5999000
116386098
39584731
49668932
106169419
52626483
76418513
121172215
60893834
104563530
42450529
56767427
89590094
34239928
18754419
44004479
59014631
91804534
103049629
96022923
85404581
37084947
121705047
79861238
26152370
49857803
46324889
58253173
30671722
54001504
81868434
92567190
10947590
53268086
47707480
92228594
72624309
60531698
16704547
1481111
11773385
59848457
85940198
4992992
41897522
19152181
88974514
79605921
79155465
12348645
101936143
92162985
5518028
79266392
93600
92442096
81542178
88756662
120628141
49122094
97904251
10421663
100798147
21119773
33504910
56381619
72137164
117809453
118244320
120429661
94507771
69639434
1824753
61283087
105608406
53035668
16906461
37369357
88594146
6137211
44901150
96978599
102657973
5872592
15085336
61839501
53469627
53361780
67851651
68881800
79270078
86821637
107361983
53139759
14028053
39682371
86578655
47246040
112910949
9961759
120917755
53968223
65466307
65419550
43874070
64244949
25237802
6730768
122815502
8432110
108390971
93163730
65477418
53990919
2645693
84944827
85291404
10329628
83377240
2081365
78787427
21865092
94674312
54395695
91598107
64424947
38807154
13662149
11951401
41300949
113090310
37578351
46547630
73810441
101964938
106664579
81314463
62690795
93894275
100500481
28771654
60910684
18179477
32420968
105559631
97065516
33678540
111134083
87871280
75015552
66035815
34798307
72754950
35617783
121772362
101332092
59605868
7676107
113756659
105152457
90478341
78831816
77537651
96998914
49374762
48739669
13446363
63325698
102005180
67048574
48950917
83973108
44504389
44461186
107831469
118562042
5156300
47413285
84315653
99947997
123379122
102588258
117076597
92740536
110863850
112317306
103995778
101390250
50225562
56466338
14934179
39986180
33962087
14418393
58996456
8879702
3199504
87760917
22059462
3388436
103225647
67859964
60746281
94158153
116261444
18895045
37479621
16477826
115196077
106589091
121057456
31896890
109045166
30367477
1423366
4130047
52568095
32402475
15689309
93061536
100644955
38177762
99775485
112194319
60980127
25096529
100272487
48359868
48616962
320357
52876123
25486819
70410102
94317382
78023025
9931826
38141175
51392237
41764292
51278121
24410885
79590183
61154227
112907832
31882509
15195809
17989143
116037113
24926631
59501377
52980335
270873
59806123
89989709
110735448
101748539
98587565
91459647
57392647
107157977
30833639
109252285
55869304
101148417
107718102
113772942
33203770
55989216
42521423
114019349
2673600
109299240
55176771
37772109
20478653
69139110
59357084
120924463
68436475
98699975
5450029
121013969
17380430
79864317
28776639
94780731
89831483
18027450
93860683
4563208
1685373
38382097
53302939
90912325
90954011
74794814
58553033
84241448
62575017
122509553
25512084
49954171
12301238
45883292
41229826
4441829
34843998
2075999
13378500
57852429
83411187
4493269
109506724
62035718
67940699
109189617
63758209
114123963
8179003
74674497
60005822
114240385
64695602
46231117
86352926
53770511
50239955
27490976
84911813
48599311
24881747
70247908
58758111
75846438
34341720
1990017
49330108
88917609
85267963
85788576
48031721
87356702
89957499
63209134
91820221
120193710
79066176
115794179
63508414
37368783
103724363
8079412
30133866
98399570
116090125
51725928
120191631
44100287
15985310
106574620
74795817
75410454
62531580
34907388
55064118
69760642
89655170
115564649
80863897
93120809
84032405
29513957
71032196
9791713
27698089
61164178
8463276
40097673
80774674
123367436
77568315
119329970
51191499
51143
70053161
44622144
48691233
87951219
85709331
259630
19485496
38007746
80579834
58519798
68636579
30647746
46566788
51018515
54046991
56885339
71275155
70715709
47118229
87091434
1686186
27699139
4527495
67483297
98246784
66069837
14099551
7618003
99673358
74586006
78183988
50367479
22514833
104059291
58960890
101519440
136326
118970000
122404903
44561178
85185652
84377213
72624436
63454551
45845735
1727473
6028563
45116114
7417763
17587725
58769306
17493475
103206498
18119984
18981815
89462212
7633366
111778221
27457823
71067232
6923619
6381907
10773752
68539571
103445651
13475674
61746405
68965977
111230803
60194079
93631227
23568659
117263242
95357592
10592952
90639625
11113
112850136
123335818
40804245
8921588
41175327
604529
15789292
45104907
115912276
98670140
121297129
110706639
12679342
81683068
87050966
111405728
12442319
47411869
11774571
79781559
94136580
75718280
77428731
18310069
31078831
9559240
119047360
115343364
39410251
30161252
65255166
95370508
5511885
50329160
69673264
52613472
29535545
88650894
70950025
11927944
90136822
114964495
114616159
86112503
61441116
96732321
11541479
62047943
2121511
87088684
54146290
22210157
117350891
38250497
13356571
35673022
13801689
11975712
53959760
71462890
90864031
43982422
58266749
37089525
858399
61517007
14613929
13279591
98676091
98240911
90819115
54166993
98880715
105774208
75714790
67896785
87090318
81608928
1239707
2550073
58020309
16745966
55573000
32199578
87118685
113694561
73066482
112371290
122329908
116961207
103481609
100029689
40102919
69834456
96491678
15108294
77324240
89992596
84542838
67551284
31926338
84990997
71381240
2264855
51937083
115229270
73151946
67307406
79395612
25198857
68551702
60824040
91771357
113579115
58113064
95416533
38337462
117383033
35103201
39162341
34260023
110365870
61011021
26109510
119781251
107110795
27304733
15937616
119624215
35597741
56617481
12181017
99316923
7447197
68012677
60008924
67290095
10992028
35025633
18763089
16709510
59710567
64140839
27821013
53184004
17319284
14654122
72331897
