63805427
117039171
7079644
61715584
68749521
77848741
42866938
120294143
112574616
108860219
105843577
7055819
55624111
102145301
102785665
77621944
57819832
4196879
15553798
86468595
122815124
101570918
50278169
2532745
38049240
13287959
91106979
4823437
56015697
43315304
102419463
20105053
35518257
4016017
61389253
113615452
51545078
92708965
98830508
52622877
14999971
108973528
109657871
34572349
52254047
11611524
55475852
53902133
65396528
3348748
77462447
91553975
14266401
47480475
103685632
47931245
101055431
1176047
44109668
98937358
21782677
42366401
50383544
120320129
55900412
6696628
91594048
119662123
104582172
9361191
74192114
122628228
21215500
12697043
107110648
462919
30147247
26443475
30614549
55565520
6381322
98832647
38229816
11770186
105168468
39548085
51449805
95605547
6055882
59994261
116505002
39543200
116769334
87711976
14532842
32822110
83880537
117973034
77216796
36517133
