16807
141106
502255
556300
656680
673366
679798
771332
918280
1120545
1277844
1322196
1464930
1685688
1693772
1887638
1941435
2007974
2013166
2047531
2157739
2255687
2312833
2486261
2596794
2701294
2754122
2776123
2806854
2946020
3420836
3539315
3559274
3808430
3838478
3872460
3921663
3942409
4017870
4048838
4067335
4084063
4155829
4164298
4327064
4556756
4810161
4852719
4882924
4940096
4984799
5009222
5020643
5280320
5491941
5555670
5693882
5698172
6068449
6196613
6250878
6441594
6604114
6756707
6933754
6955032
7221938
7323683
7531475
7617037
7633368
7642128
7823291
7988874
8021515
8762015
8800226
8843660
8923005
9110340
9135231
9346875
9477332
9735502
9856651
9867202
10011651
10133154
10336320
10341441
10677360
10711331
10786300
10940707
10983116
11120780
11245259
11609914
11696333
11988967
12000562
12022063
12178448
12194033
12356877
12388472
12478135
12490102
12585461
12694682
12717384
12866203
12881079
13055348
13058771
13182837
13560448
13618676
13622267
13680146
13688585
13710523
13732346
13969663
14341758
14520141
14715137
14877827
15137008
15305503
15341146
15372465
16167972
16171934
16290767
16362543
16531729
16545987
16789552
16812612
16894727
16943011
17119003
17190585
17315474
17528507
17585838
17604807
17609741
17612261
17711816
17757162
18079773
18100639
18155224
18223368
18249399
18450673
18595661
18660764
18730032
18744614
18855511
18900500
19049638
19190804
19440892
19732941
20025355
20032388
20073650
20085823
20101991
20213323
20213432
20459832
20505290
20549667
20551011
20566179
20586026
20632783
20656517
20739193
21093490
21098208
21113405
21202137
21253060
21308481
21377374
21401548
21403580
21498321
21499689
21555724
21615157
22040753
22306516
22514835
22677652
22761964
22788533
22813140
22864616
23158720
23382127
23525088
23735517
23774568
23805937
23891427
23937661
24301412
24313867
24373832
24761786
24921874
25198711
25446915
25490485
25708599
25749819
25874376
25963007
26316702
26405781
26411402
26495827
26512764
26773899
26883019
27039818
27064334
27222598
27304869
27353551
27586921
27855621
27957463
28106582
28128686
28176798
28211253
28230441
28408307
28474943
28477066
28502074
28992942
29151055
29154293
29171566
29471166
29622662
30059549
30120326
30176642
30249819
30275348
30313200
30401168
30506542
30535560
30558712
30677664
30774934
30832716
30865845
31020686
31145920
31200273
31417754
31526180
31618570
31869569
31929085
31953335
32038013
32106102
32182772
32346780
32611994
32634956
32669898
32680700
32857326
32997829
33028303
33107422
33128687
33176834
33432220
33948828
34050666
34075629
34325046
34406786
34456302
34525613
34598503
34811648
34838862
34918144
35069845
35135581
35405633
35475194
35561671
35632565
35749672
35791909
35858097
35914879
36028239
36071756
36133817
36611193
36681991
36682127
36684811
36827932
37507648
37526773
37827366
38071452
38114020
38266841
38408967
38422646
38535563
38563938
38749989
38810489
38841121
39576552
39617580
39846362
40061704
40199611
40409597
40513016
40532081
40537178
40619822
40621834
40913951
40933287
41000625
41074583
41092134
41096744
41100806
41135735
41163845
41374568
41516682
41568187
41771303
41911610
42260686
42321322
42595919
42629106
42662402
42671524
42736312
42740400
42844500
43001890
43028027
43050019
43227020
43231581
43313467
43377200
43430229
43470222
43475848
43561248
43676302
43710142
43818087
43818856
44198423
44307049
44612171
44844300
45075369
45176009
45430439
45655209
45889460
46097728
46100342
46121170
46171609
46255599
46324247
46591546
46606202
46622298
46721603
46821263
47056829
47249977
47415932
47424385
47466366
47554038
47610179
47699317
47841715
48042256
48114454
48163414
48233656
48502544
48723916
48798778
48893412
48961654
49033472
49063412
49100140
49329069
49609394
49968484
50022688
50063559
50092554
50483163
50501239
50581299
50619948
50740435
50848068
50885500
51167571
51196647
51241729
51454688
51466791
51698697
51767625
51825697
51883100
52005406
52073391
52115315
52202628
52381517
52546425
52799185
52886732
52946107
52984174
53274181
53346500
53532614
53669317
53689859
53724656
54207165
54314139
54489524
54573566
54600879
54767845
54968421
55003056
55259887
55348743
55822551
56089446
56091488
56294230
56306628
56342463
56564048
56713575
56800870
56975882
57008993
57033563
57133812
57168778
57281570
57288978
57439106
57485504
57642062
57716395
57847058
57929236
58074266
58088220
58170189
58438327
58526762
58604952
58752838
59073094
59239374
59403742
59448725
59528901
59999604
60178229
60273779
60510479
60548466
60746248
60825242
60935238
60992340
61041065
61042294
61252061
61270228
61336646
61422694
61476811
61645786
61708318
61850715
61923705
62033433
62225435
62343127
62386290
62401586
62629988
62892640
62953725
62990829
63040413
63318451
63333146
63368391
63508416
63595561
63641305
63864713
64091281
64251337
64265999
64386296
64456353
64627017
65231486
65399326
65527272
65815438
65953686
66033470
66106403
66355639
66367182
66809986
67039155
67286340
67291097
67344865
67439096
67496928
67653500
67707600
67737418
67802968
67834079
67943788
67981921
68144706
68185121
68220756
68299509
68337933
68466660
68565644
68565963
68726065
68925158
69224543
69383717
69438693
69501271
69642403
69786356
69901137
69911134
70021246
70042586
70267800
70419925
70426164
70596736
70713604
70982397
71133108
71223639
71239479
71290141
71390619
71414519
71752398
71794483
71943471
72141872
72293015
72312020
72384669
72604977
72789308
72945487
72988834
73019480
73152541
73160209
73261090
73395122
73418736
73451969
73476407
73536496
73601340
73727941
73933568
74036310
74038388
74243042
74281772
74452765
74484574
74521808
74557488
75289719
75549145
75619258
75805195
75850361
75851675
75877982
75928504
76054840
76151309
76312985
76328936
76404306
76416207
76420177
76424008
76524276
76546454
76609367
76834168
76870366
76981262
77274286
77659384
77713821
77782053
77822221
78098867
78256088
78399447
78404456
78543242
78720591
78735291
78747415
78875745
79257156
79501235
79585220
79661258
79759951
79848644
79855055
79871252
79880468
80105932
80278556
80458529
80778302
80928595
81000678
81211706
81270986
81362184
81677889
82328115
82638106
82823592
82823706
82917538
82949530
83146668
83193078
83197559
83203637
83257648
83412324
83498970
83515391
83621952
83857576
83863135
84028257
84198247
84201272
84256621
84307100
84477259
84527282
84620801
84684636
84877041
85351635
85431882
85531383
85639742
85778002
85785505
85991586
86510032
86687483
86835187
87144113
87464855
87593688
87605986
87692815
87790033
87820929
87972685
88207391
88217893
88336520
88627474
88734514
88873687
88949715
89034441
89110367
89358656
89592921
90170802
90400196
90481290
90506153
90669233
90867168
90875887
90972454
91002970
91110830
91720466
91811551
91813038
91872018
91893087
92120466
92481040
92975137
93014205
93062154
93112207
93429574
93443443
93630492
93739424
93908856
94183051
94250811
94315351
94631541
94666005
94759742
94807818
94999528
95000426
95033761
95305079
95416105
95439781
95705144
95781436
95800354
95846401
96163467
96184564
96201098
96463466
96530788
96693657
96862395
97067597
97088095
97272043
97368447
97489023
97674166
98105473
98292080
98665880
98836994
98853676
98877656
98893872
98907154
99117460
99242342
99446182
99546303
99548637
99692646
99731977
99826199
99840905
100043050
100267677
100308133
100311914
100381015
100634339
100657695
100733249
100753244
100760571
100810406
100830109
101027544
101114043
101125677
101201479
101388817
101405160
101416470
101451362
101589564
101816919
101929267
101962729
101999578
102055174
102303120
102425931
102861027
102916232
103047262
103068470
103183134
103258143
103300322
103471052
103547379
103748073
104148754
104576978
104756846
104764872
104838663
104882110
105155173
105167381
105420315
105466347
105501665
105633255
105656572
105841437
105950098
106145604
106340094
106419741
106664652
106711621
106828398
107109694
107285745
107466671
107554536
107620524
107691021
107910543
107936645
108088723
108408487
108668244
108747419
109285902
109413093
109659874
110264603
110556178
110657912
110846043
110968900
110975843
111001876
111341293
111606652
111732404
112097994
112386524
112387938
112806063
112808135
113062997
113068200
113567424
113687489
114266331
114323680
114369495
114521580
114592570
114595551
114687193
114807987
114936430
114956700
115307827
115367361
115698223
115790738
116015643
116133441
116353202
116470193
116508257
116604466
116750998
116777333
116808490
116882336
117085721
117087488
117125003
117366305
117383677
117419940
117427333
117524780
117550173
117568457
118186694
118198568
118214920
118537614
118710299
118925568
118981538
119211132
119360464
119395359
119413377
119448477
119467963
119647869
119789840
119868559
120066246
120229442
120287374
120379456
120421822
120620162
120639486
120659852
120690372
120746135
120883597
120990890
121058640
121074237
121120746
121205400
121550565
121588578
121857338
121886650
121923629
121999790
122133409
122188859
122192722
122318211
122375510
122397391
122428678
122688432
122742093
122906801
122956715
123135506
123169891
123294697
123427205
O tempo de execução do Merge Sort foi de: 0.000427 segundos
