16807
35561671
17711816
120746135
32997829
99840905
101027544
99826199
100753244
31929085
82823706
4327064
56089446
74243042
114807987
26411402
83257648
16531729
82638106
20085823
32346780
116808490
30249819
22788533
88734514
20459832
74036310
46255599
29154293
24313867
103047262
31869569
69786356
101929267
99242342
87593688
556300
19440892
29471166
43818087
36684811
11245259
70419925
12881079
41100806
32634956
121857338
48042256
91813038
72988834
41096744
38266841
16789552
96530788
30774934
110657912
57133812
75850361
100657695
6604114
90875887
95800354
121074237
67834079
20032388
73152541
77713821
71390619
59999604
34918144
87605986
84198247
101201479
110556178
26512764
9735502
45430439
107554536
30401168
49063412
49329069
22306516
34075629
120421822
12694682
117366305
99548637
76328936
47554038
56342463
6955032
40537178
13058771
114592570
34838862
88336520
20739193
78735291
84527282
27855621
42740400
17190585
122956715
12585461
83197559
116508257
118214920
70982397
36611193
82823592
76312985
2007974
79848644
60992340
107285745
79871252
96184564
86510032
53346500
33176834
71943471
95846401
6441594
25490485
57716395
42844500
38810489
21377374
18100639
64627017
52946107
42260686
75928504
105155173
87790033
91893087
85531383
69911134
26405781
87464855
32680700
76416207
83203637
71239479
12866203
13622267
57642062
101999578
47610179
61422694
8843660
88627474
23735517
58604952
68299509
116777333
25198711
40532081
100381015
119647869
38408967
35475194
95305079
66106403
60935238
84477259
51698697
58074266
59403742
16943011
34811648
50063559
74484574
101405160
29151055
43818856
49609394
43231581
76870366
113567424
9856651
107109694
8800226
25446915
41374568
91872018
101388817
100043050
43313467
120287374
24373832
98877656
54767845
27304869
18223368
5009222
67737418
771332
79257156
42629106
121550565
26495827
21113405
74281772
99692646
4017870
43001890
117085721
98665880
24921874
3921663
30558712
80778302
85639742
14877827
55348743
114595551
35791909
111341293
41000625
50885500
16290767
7323683
16545987
50581299
62343127
75805195
106664652
58170189
116604466
7617037
59448725
57008993
52005406
102916232
25874376
92481040
93630492
60746248
117568457
41163845
80105932
16362543
3872460
43430229
83863135
46821263
82949530
119395359
89034441
1277844
1887638
55822551
80458529
68144706
32857326
107620524
103471052
70426164
67802968
40913951
51241729
79585220
52073391
35749672
117427333
88873687
88217893
50619948
94250811
69438693
59528901
96463466
84307100
4940096
116133441
63368391
78399447
43028027
112097994
46171609
24301412
41568187
12717384
30275348
31953335
46121170
114266331
56091488
9477332
50483163
91811551
22813140
58438327
7823291
94807818
100810406
5020643
13182837
101816919
13688585
11988967
79759951
2255687
121205400
50092554
117125003
67286340
21401548
5280320
32669898
18730032
78404456
28128686
90669233
28176798
60273779
100308133
54573566
118925568
18079773
84684636
105501665
61336646
43710142
23937661
50022688
28408307
1464930
61041065
62033433
54314139
103258143
95439781
34325046
92120466
105950098
44612171
53274181
51466791
84620801
94183051
116015643
83193078
66355639
53532614
1685688
43676302
73261090
1120545
122906801
62225435
122188859
66033470
19732941
76054840
81000678
121058640
52202628
11609914
52381517
32106102
95033761
22761964
61708318
119211132
78720591
107936645
36028239
84028257
8923005
114521580
26316702
47424385
98292080
36681991
38563938
73476407
16171934
9346875
30535560
12478135
106419741
13969663
120690372
9135231
76834168
48163414
103300322
87972685
76524276
121999790
73019480
13618676
21253060
2312833
20101991
57168778
96201098
93112207
87692815
111606652
57281570
41771303
45655209
108088723
23805937
57929236
115367361
48798778
20073650
99446182
7642128
61252061
103547379
118710299
28230441
97272043
72789308
20566179
108668244
38422646
117550173
5555670
94631541
75877982
120229442
61923705
12388472
6196613
104764872
93908856
123427205
20549667
53669317
3559274
110264603
63040413
70042586
63864713
2754122
105420315
100830109
40513016
76424008
16167972
114956700
33948828
13710523
84256621
70267800
23525088
76151309
73451969
25749819
71414519
116882336
62401586
46324247
47056829
17612261
76404306
31417754
28474943
10711331
106145604
72293015
71133108
3420836
79661258
120659852
63508416
13055348
7531475
52546425
63318451
53724656
118186694
65231486
67344865
18595661
114936430
63641305
49100140
73727941
47415932
30506542
43377200
31618570
46721603
85991586
4067335
84877041
105841437
20213323
78098867
1322196
105656572
97067597
43470222
89592921
56975882
112386524
8021515
44307049
109413093
116470193
96163467
102303120
63595561
21403580
62990829
52115315
99117460
111001876
38535563
40061704
68726065
78747415
115307827
84201272
3808430
52799185
16894727
86687483
123169891
16812612
89358656
93429574
114687193
70596736
121120746
59239374
42736312
96693657
53689859
27586921
19049638
19190804
96862395
656680
102425931
78875745
50740435
46100342
85431882
50848068
4048838
20505290
23382127
68185121
21308481
94759742
33107422
65953686
36827932
47466366
113062997
121886650
22514835
54968421
41135735
26773899
4984799
101962729
94315351
117383677
21555724
78256088
2806854
29622662
46591546
72384669
81362184
50501239
123135506
6250878
103068470
67496928
6933754
77659384
69383717
48893412
30832716
93739424
40933287
104148754
56306628
120639486
66809986
13560448
5491941
10786300
106828398
45075369
63333146
78543242
90170802
117524780
122133409
97368447
88949715
82328115
42321322
9110340
4084063
20025355
103183134
68925158
67653500
21093490
35632565
74557488
68337933
46606202
71794483
60510479
5693882
72312020
20586026
120990890
123294697
90400196
73536496
13680146
67943788
12490102
35858097
38749989
90481290
4556756
41074583
60548466
2486261
21498321
101114043
98105473
11120780
51883100
71752398
43561248
15341146
17528507
25963007
1941435
22677652
51825697
118981538
95000426
54600879
35405633
86835187
88207391
120620162
112808135
83857576
2946020
48114454
94666005
111732404
122397391
90506153
101589564
18450673
48961654
41911610
82917538
2013166
18900500
55259887
2776123
105633255
75549145
23891427
112387938
56564048
2701294
32182772
51167571
42595919
32038013
12194033
21202137
60178229
98907154
56713575
122192722
57439106
72945487
4155829
66367182
99731977
120883597
122318211
92975137
30120326
18660764
74452765
85778002
67291097
76981262
76420177
75619258
116353202
30059549
83515391
77822221
90972454
89110367
67981921
110846043
10011651
71290141
75289719
32611994
106711621
81677889
73933568
47841715
77782053
33128687
52984174
114323680
57485504
38114020
15305503
10983116
57847058
42671524
44198423
36071756
100267677
65815438
107691021
28992942
28106582
39576552
11696333
23774568
48502544
76546454
918280
105466347
35069845
21499689
673366
61645786
79855055
46097728
41092134
10341441
34598503
97489023
115790738
105167381
70021246
100733249
17119003
30176642
27064334
73160209
107910543
40409597
91002970
83412324
122688432
20656517
22040753
109659874
93014205
119413377
119789840
54489524
64456353
122375510
117087488
4882924
68565644
48233656
141106
101416470
95781436
502255
73601340
17585838
76609367
45889460
46622298
21098208
40619822
44844300
5698172
20551011
75851675
122742093
83498970
48723916
119868559
118198568
67439096
120066246
10336320
121923629
101451362
15372465
25708599
94999528
15137008
17757162
43050019
37827366
10677360
3838478
39617580
108747419
36682127
114369495
62386290
36133817
33028303
43475848
35914879
31020686
69501271
98893872
30865845
83621952
90867168
97088095
17609741
34050666
47249977
6068449
73418736
34525613
57033563
119360464
69901137
80928595
118537614
14520141
41516682
60825242
38071452
40199611
17315474
98853676
120379456
115698223
104838663
99546303
37507648
116750998
100760571
56800870
34406786
83146668
51454688
103748073
85351635
109285902
27957463
27222598
67039155
112806063
49033472
113068200
12356877
18155224
93062154
61476811
55003056
31145920
51196647
110968900
1693772
81270986
23158720
65399326
49968484
80278556
54207165
58088220
72604977
81211706
38841121
17604807
679798
95416105
31526180
98836994
62953725
20632783
42662402
14341758
30313200
26883019
110975843
69642403
27353551
95705144
100634339
7988874
64251337
8762015
74038388
106340094
58526762
62629988
58752838
12000562
2157739
79501235
121588578
122428678
73395122
7633368
61850715
20213432
4810161
104576978
119448477
68466660
87820929
18249399
72141872
24761786
102055174
93443443
2596794
28211253
71223639
117419940
62892640
79880468
4164298
10940707
61042294
107466671
35135581
64386296
104756846
57288978
43227020
74521808
12022063
18744614
27039818
30677664
31200273
51767625
6756707
113687489
52886732
7221938
108408487
91110830
45176009
2047531
3942409
34456302
101125677
70713604
61270228
13732346
56294230
10133154
40621834
3539315
47699317
102861027
12178448
104882110
64265999
33432220
69224543
64091281
59073094
87144113
22864616
9867202
37526773
68220756
77274286
14715137
85785505
119467963
100311914
68565963
4852719
29171566
67707600
91720466
97674166
18855511
39846362
28477066
21615157
65527272
28502074
