82823706
4327064
56089446
74243042
114807987
26411402
83257648
16531729
82638106
20085823
32346780
116808490
30249819
22788533
88734514
20459832
74036310
46255599
29154293
24313867
103047262
31869569
69786356
101929267
99242342
87593688
556300
19440892
29471166
43818087
36684811
11245259
70419925
12881079
41100806
32634956
121857338
48042256
91813038
72988834
41096744
38266841
16789552
96530788
30774934
110657912
57133812
75850361
100657695
6604114
90875887
95800354
121074237
67834079
20032388
73152541
77713821
71390619
59999604
34918144
87605986
84198247
101201479
110556178
26512764
9735502
45430439
107554536
30401168
49063412
49329069
22306516
34075629
120421822
12694682
117366305
99548637
76328936
47554038
56342463
6955032
40537178
13058771
114592570
34838862
88336520
20739193
78735291
84527282
27855621
42740400
17190585
122956715
12585461
83197559
116508257
118214920
70982397
36611193
82823592
