15553542
106561324
48712789
55501359
88262980
67656423
71032851
20394048
104269022
78019367
47537424
97544348
59202451
89010266
112760710
76650819
76571045
18689301
35875783
89491263
2066367
24480999
97736460
54617772
121585462
94023001
17811226
39194160
1312881
122493140
70068040
47779919
2053558
80484899
91444195
94159331
38193236
111738811
81845616
104188730
86146016
57347146
33202284
31420264
120215383
47770235
37059528
15303411
49748927
117016026
62353915
84513702
71689688
26779324
22236719
70763769
15848811
9068194
110785144
121940308
110084302
117492095
91401205
62406015
47242645
79816119
106851175
58330541
72056623
23502191
61691797
39331779
68518663
23735908
65176489
6801559
28907465
121312231
93241190
10135459
53796170
110738287
51190508
106063831
80712182
11163834
9185145
52329607
97754174
5955674
53419831
56266746
115556527
118157466
116566016
52191637
49020320
115377429
19434196
16017098
23957841
68372451
108576023
117343355
10272299
83107728
63398537
17740444
58132791
31820420
107530386
118745524
3379321
97475702
15767730
28305305
48236096
115076241
67789927
117389812
99889234
74255073
95258975
105472878
46157008
25791847
62628316
55835219
20890228
75767837
21358272
92176991
68717711
12267792
100251951
48828384
23428286
54114216
50871514
52106578
51766555
37921837
93029190
25267090
79073083
108805453
49564802
108392354
18110571
108479466
75052792
99421985
20864250
8713458
23434922
17817494
45454832
121591521
23251205
15668964
71962754
416795
118732452
79310029
18325724
47278838
120382795
121879812
105353527
14720875
107509652
67119748
35406016
43335284
17915972
96448821
59898478
13321138
80993221
69630760
4657173
1200556
110033249
591308
113611078
3214945
25649807
69353011
26238576
66795447
113983907
49443400
116411119
90148561
89313225
120548475
116942681
39028705
10844087
90400195
48718118
46768622
111128000
10411734
105714353
56979867
55499380
54595677
46679109
62598678
1575389
115634763
737070
71144797
26459950
109720780
80264665
68060956
106346294
13707574
35099028
116448454
100760211
99492720
25506875
85457047
29906051
95836688
65331346
116406579
63375515
773807
21768877
81714564
73452598
85063792
10748181
83828424
56752496
85176241
98405695
120353646
51897806
121151182
76950070
46003389
109599302
86981962
62360351
44473466
67307851
62527678
17662594
33806465
114498411
81211741
113355421
100034394
20476364
31050001
117495804
5910394
33139605
113050347
31922389
68963388
18975110
26326147
32366477
3989933
91663072
119488770
79644796
115243645
42655308
68506673
19984936
89074816
38205339
68646604
51309947
114607795
118526278
95280752
51984066
114625219
114114634
49533572
101708085
11589947
12452096
63499684
14506712
112259791
726196
60990888
8167562
56185633
85537580
25423639
20138953
86670966
68111065
109490283
56996594
114900176
119534142
2385662
109062958
8200010
8244295
12207806
54944126
77081956
90350309
173470
77222893
15150509
71680946
77641624
17398725
91692434
70430514
42234064
47581151
42980933
61305734
67530048
118903058
34519891
108309769
110797580
34914098
93913033
94520304
33367987
51240879
64510906
51187219
51573972
109280702
64424102
234054
58273135
20555988
36043325
17551526
67656658
25427626
12840293
96351238
123438608
113926784
76218951
50075478
101389298
10260363
29945236
111975489
60381416
83077156
43808339
94580068
74538408
44104685
39965512
7410508
19109729
17520994
73109925
2715589
74673879
74802781
43838064
26845318
19904662
98316491
27844931
85615963
84298031
25529072
113335344
33885018
101897688
12766375
14246997
66974515
112328999
102348821
17431729
54290402
99051936
46542940
20169296
102842747
74528491
74406260
19319266
58884712
80923233
102344535
44506667
57181733
67022205
914936
48881625
79235935
56338126
81891047
3574160
113540027
93159412
66424597
76645320
9308901
108293977
17556459
3143865
89947322
88328389
81440184
102914414
94428990
52842362
75349637
28034573
113037799
68347981
42877529
100507986
81794634
86348094
22496071
85170669
104224809
26499454
8576725
45046197
67272748
64651817
25893671
119515293
31183451
40707148
56234599
19940434
8350631
96591847
20214751
2201159
93297876
23945119
76665804
7990557
116502453
119346446
57225118
55453166
117703317
36839565
119119158
38335840
16196024
69447073
2224489
65504085
107035386
44410544
120482648
47367088
73376707
68884944
58591481
63622305
50964751
39792515
111531099
45588874
30381424
37253137
85815795
85600353
117978823
2313360
53306329
123110620
106166081
120794006
22516823
113540286
47169191
104189680
28592861
116766523
114799804
86238429
80738985
66494053
59791792
71288871
3983709
12622103
56978273
103423441
10156321
108361606
68675896
74570870
46741879
30834152
69538156
52387502
107106062
121150975
98630570
24355328
109102675
9291064
30643661
26652563
88803109
61842782
9934040
99723058
119622438
30102887
120305043
74016887
66194534
85831036
46506142
116856109
115431553
16180507
104308802
104540447
24864915
58230997
3528486
112609892
59300457
33391997
84000332
82563306
46208347
98781202
13420039
89565837
45641130
19673058
31665636
23929712
113400439
91157887
120099709
103699240
79258057
82955898
4692442
100163619
20123993
7437405
76832306
41239965
25825414
33876125
26334956
32997616
21546595
73059209
88837469
71602227
38303765
94013330
77024758
17592231
35416044
64023770
10749383
78870889
116547367
10424771
29577514
3752409
74131115
60701162
100142539
85733534
85411454
53920104
95768248
987682
86510627
63752915
73890075
106744218
110931077
33223540
66635609
94056993
95287614
44645275
116232203
69604834
62339797
118923489
57064075
14891703
115168902
21017597
43815424
114572059
85234151
110016802
44169576
119375552
27422955
3239097
12459734
93216332
60202160
32472000
123046003
106075578
105132352
74607853
99773585
55483584
11654698
39978422
1440235
16338431
18929427
97545804
8959024
53484484
6212817
105820737
42678790
68044981
59990612
105137379
109159658
53682338
98133932
20381472
89856648
71417738
96700036
36656559
30241051
122744585
100628715
12145660
97172084
46841136
70549609
20218985
74150361
38551616
63739261
116074174
79675533
114048313
45175126
111069989
22262669
37855698
116482917
38324722
1941207
18845656
71978335
15779334
25975025
30940438
77961178
57591327
64345336
8848636
84083
55158302
73769058
96432107
100208027
75685499
118960838
43133588
10038701
106806754
76046213
11127358
62971828
3668157
14913680
90607289
73011406
50906481
121622742
103710266
18064711
28514196
102301177
6950489
63244445
44449568
10840847
110659934
17597761
30085650
77922612
99810065
76096434
64896101
83497007
114411129
120473798
72425161
70725364
110710460
51739340
49951167
60898614
111787435
34895797
8464269
31603339
111955933
52925471
90579236
70574356
17053213
10777778
86649683
31223181
42447079
48338147
77887417
2496970
53656510
59978902
56131247
109953634
69244916
36154061
51234964
89342654
120546158
78407112
121510448
93396392
74789410
41629924
14340711
111801875
5897864
45066152
32286066
84042604
2757342
110414371
36771376
84583986
67557742
90528960
40228277
79179699
98809850
26239368
30957971
27045377
75365407
120475554
27223834
38257737
61137332
75460895
21724759
105717371
9024039
108600293
32640839
72498695
97609211
87798661
14767740
105304489
103861216
62004782
66603938
30023853
51301794
2357759
34838789
37172625
65491605
95073120
91762167
82173324
82441902
54957726
108680562
48880928
92298891
43933419
73687166
28925186
99121945
38171183
87499472
95501914
66568880
108431226
102914836
2818054
118775458
111738507
75947924
37618061
22361486
44610276
96139335
17125843
71616717
59701052
26890659
91171235
122303402
66216417
58494951
46156716
46067888
32992160
103647626
26042098
22371949
72227693
109536904
50284273
105122673
84514173
104383220
22442779
28912113
76356492
17266824
22315974
20430826
79547124
29053728
12958088
76069880
112023929
11533723
55555890
16729071
116399167
37481385
120433543
11924571
59012610
83021272
16693344
59699618
2765285
22158343
85933081
107513716
35525292
49139707
97075380
76005999
870725
95286316
47607224
36129194
53196396
52579969
108894118
83483810
65238695
15519005
19900985
86072022
23138329
43121172
122202622
50840883
80673387
75099568
20600330
16617786
97477757
49899865
62863423
33126771
20399848
101851518
101773072
17086540
3557706
84723727
120466858
103206305
14063733
121564040
6056574
121155439
99348849
100543557
86747807
26760894
82065712
1389564
28502207
98973262
106640750
1635957
22490038
82859642
115288760
109335135
90328711
31917436
59238122
22100198
71973193
76779464
17297858
546522
27707455
70774702
100107888
21934632
103197507
14429971
7080574
102123529
7335924
74452500
6203478
121871823
44602209
58424120
115021288
32739428
2713972
97051830
49759016
64827820
47009341
83678968
62293268
3343151
82073022
25569380
1308796
78207730
102993841
121270884
114691710
47428351
91022587
18779941
28274197
18012346
62550148
49722952
2082198
92381408
122708943
69322696
109240881
36401435
112053696
66742906
119878142
33134835
57228006
80026847
118701296
25533358
61913357
35852480
116950479
22261717
95757353
65171109
114144857
14539893
101797533
8707716
50410053
22092752
20323940
110570636
120892032
90691483
32574681
46914855
26258718
34545424
44404108
111398400
86257217
50915969
8990295
109982324
32833155
47783959
118289958
97984423
98957528
89519240
51968455
74769399
26550930
107427324
65398530
36996362
63971050
111526155
62393170
52704509
4617267
71241148
41323336
20274762
98272393
101332498
116366494
31728300
14754829
61703085
6913052
100091237
111663278
46117875
84453065
88554061
23638616
34091466
66973398
68778145
40327718
121199280
96256302
33271523
108380221
11980334
7778675
36514684
89675885
94139651
3063288
44541606
27523811
94224268
18072044
53462687
85361674
31121933
91913174
28798290
88704971
16969423
107941515
43570160
40879977
122302091
93331060
63494402
48806813
6071171
119979890
63991181
104681190
19493976
9144447
83493256
2243588
40501796
85208176
18665795
109071798
58476650
34634007
52167507
112135017
51133225
32259272
102741431
26155334
49712631
1604674
14914998
14079561
41610190
52659626
114466209
107721802
28130868
102970922
56504634
41721492
22742271
26384015
67236625
75198615
106341187
51737264
14677721
24281754
7214243
53386791
92681612
33468075
30208534
20121538
114410444
84207704
13231700
9329103
3938819
121134646
71508895
122923082
64575439
99802918
30284974
120623962
102342430
9103796
43121643
6661930
76153837
91593016
3637945
967752
48397679
66440380
120180308
75954905
55455874
14169949
80474452
14947070
8537025
20658041
23283436
112696845
40456810
118611578
121768689
88342351
19248956
62603812
112639962
21711171
50355514
18777786
115894015
13869520
41688592
87458030
114949519
60679485
57445197
1923151
110932516
31843014
116491127
77630838
58660816
94265864
100704571
77673247
7129460
108701628
81715443
13917782
112111428
74167753
83945382
47969478
3709228
113093717
119999349
94976396
46664835
119139872
114402911
6725057
2053290
75980623
92550498
52009007
90324684
38161702
100757714
81896826
100677677
70344325
75519123
13138829
53384463
28777481
84561040
52274687
12939208
30038483
50274626
67254833
10061740
24161006
27395264
31663616
38697806
3306827
15339694
91421983
66435179
57544536
18263483
12001098
11954655
95990927
41092851
95911865
19955126
8365497
49976261
38381186
13238463
122994844
36517733
43053574
121565322
101122953
50497135
78912877
82717699
48929315
17376742
67028721
11749994
111012342
41043852
61844640
41161446
88528309
59874473
28981840
112800031
71086301
31378240
6424525
84610984
2708537
55236519
55114933
85200759
66613685
119939763
80762556
117441032
23050582
24630990
77222498
33289179
10000947
113117906
57900401
25479068
38412149
15029013
103255266
121394211
39558702
56878065
72884076
82726003
15889234
47208675
27486920
90668676
117900903
25552914
70157666
73073019
48844876
5359632
82380558
109900670
17710692
101472953
106991775
100111071
1529394
107708717
79496036
108923404
32335722
103562093
69946299
25323676
117198228
113372145
109041535
68044750
6147075
37673739
94732473
118561479
45248829
115252556
68583582
103210294
56353557
19611867
114339600
53386067
80513344
26161420
28567380
8940739
90948921
113492337
7190631
50875209
40306524
61460170
70567467
122999683
93499757
34931685
118619229
28222903
44076546
12118125
53097826
25223421
11967015
30839820
16566008
116601983
113331116
36726941
28926669
49714421
31689204
74037906
48708386
6683823
97704056
102510254
64572058
18201016
98795129
24948735
60632938
39811301
32525849
65209269
40349178
86753834
78501813
35528729
81339567
114649606
80120907
45911225
115576091
76192997
33767701
55474237
2793893
7951229
97960251
38697906
103284767
49082193
44165839
105310163
76173595
28517920
41433656
48161102
40047217
72562884
64940519
65348800
64163025
104638917
99283133
32833541
4334477
57247084
29512062
63936230
20539821
10449770
103736525
15127438
78261951
2666941
72095846
40255522
43665508
14896871
54199504
53192832
41446327
13826907
90197570
25251280
85451676
87487764
46959782
64977258
40759793
27717107
10047223
27087365
115055544
15591396
51563502
106323071
68077149
82439847
20037227
104138380
30591284
109229201
87009253
76767902
44729353
47849681
14283771
92910737
83207676
65196897
5018383
98273692
48450372
88642472
53670760
101331580
1876200
85720228
84726155
37817465
41629961
40146255
8723640
46353708
73564385
87262767
92141140
58270214
95325780
18880308
61461739
122503449
95909679
57929443
118846410
45289696
36992306
95293712
121162312
92219071
83957907
11563575
112982032
20022834
109961307
24405004
6314015
3976444
13569787
113710144
63303086
115894348
44243686
80843698
549794
107071144
52482490
25135452
89237533
7840252
9094728
38543741
103583295
7175576
19575717
74495625
89350223
100312481
103685467
44751840
31047138
20634993
6692317
18326571
61108117
4369627
55506624
28135497
31747937
13456
102698203
113070377
48945716
45708521
115128549
58768025
69483513
120844413
80630418
118413618
3288597
78912201
21012933
64106930
74790145
28823520
18894289
25561893
23709011
57390896
3014501
88369770
85362673
72259175
46554618
18676484
42214493
39897237
118039158
103447948
101229973
46909446
107548814
107625287
60066004
64163028
79911903
63442622
116233545
42604958
86471746
51935078
7247202
88341999
62481512
8057165
100524959
94986718
22381731
14903874
72813321
29411118
70581783
67570633
85051854
7489059
6475392
1409075
36014337
72513486
25792301
118594814
112089268
96466185
56485528
65387382
22619449
84820873
1652199
48579890
117585737
35956993
22079021
86015471
109464468
17459191
45982015
22033361
34547014
21572368
111890718
116304187
119992701
106700249
39571273
45640605
10061019
62004279
32966332
113422466
17069254
9069966
67047343
77410120
52326674
22487194
83802904
47738957
28756023
69891480
91204669
18608575
85474700
5784525
115079953
31498157
121299475
51456507
85171386
66744694
100804574
55642693
43700494
34771248
112183607
53931066
57846303
79512973
47990631
62783387
45173898
114395928
38002250
86505802
32189874
96628966
2418654
21116008
43746360
15369642
3039873
94895873
99269323
47642449
11278074
4681821
119015180
67915010
23051662
18435501
89215548
8278338
91329715
21515420
18150705
42295006
84609419
100268621
81681246
105983482
37537598
77957372
17588820
28024351
40298113
93084016
83342649
86736743
37760704
75708396
83483366
8603631
78548852
35817598
24897975
120831625
63061210
75179447
79840559
122896839
92176945
117093209
1974303
56509673
2955176
4234388
53485187
67989258
110702213
85737420
52450352
77522732
93168859
76966102
68539635
80150114
42966118
108372227
269465
86078851
39616092
58579054
76897859
106998804
119568120
104404187
54808015
36439880
115755317
28044975
15766950
65132829
64091907
68805912
112266135
83384869
55587549
6252358
4486041
112295017
25040503
23247278
97113735
53417555
17201514
109257574
70453358
56615305
25163855
96744533
69342703
1226244
23191010
40368281
12670153
100255204
4415951
44184738
77758974
114313791
63886490
72722099
50431737
16977873
27418272
122296874
55585925
2922725
76090240
59497033
4341912
58726204
107720814
110229042
106209316
57173183
120705199
84914711
97305997
76513475
14799688
49341765
112231399
42146443
104752592
60100169
21496488
20776078
8288122
7661211
12422175
78839914
40246964
121178981
100683941
2635850
42970315
55454417
14459585
11788416
65585032
110323572
16134850
77668201
44965627
119469421
100039085
638647
95383362
122869709
56510386
88458372
19519350
39669099
35715310
9361170
48679618
40972138
41966712
96101095
115166897
60839367
102864918
3266316
50028366
381664
96014810
22569195
30879613
43329715
23403393
104787286
26348668
65283992
12120015
60491871
88072892
32738665
112534520
3102072
78718235
117894223
61516378
3229826
29223310
49612800
26143918
80386312
39000357
52597592
34331398
75015491
39826903
47835085
65055133
65530430
31641596
88126653
97285954
60084157
23261317
37387124
91166053
60393213
58424828
52612475
112270820
112188680
39725259
66274423
21782546
89313304
22384374
84102210
41678507
41009974
60998669
64634660
107882203
58714737
37639234
58188964
13067290
60006445
75180412
22133259
84247394
14275215
47407285
82153007
13071346
5125098
40387112
8729387
19868862
89132401
67530742
56641061
88487080
32558735
75354745
39958674
114214135
92967823
80205587
61572572
109074796
9778432
2273416
23646787
23617625
2541612
112792876
123031375
83171425
23273301
41061390
35790309
34919359
34100436
44314279
58322294
56906083
99510316
73516769
28509753
28033926
53015050
114676157
82091278
109855579
100074707
105534581
70791718
115623537
108123886
23096468
30749209
23890769
1837078
70640268
13725096
83083954
33817172
47131132
57038577
6247918
28948565
96498746
85133664
99159469
101896340
113973578
97167540
94309031
36729236
17968000
57561410
79322408
78169489
3635244
5915279
90870615
80713655
85451279
31666765
17314880
15756763
66143215
12795707
12996515
56292404
78553312
12121600
12416547
108089021
29220673
78812546
174089
87220176
42746768
74280577
54854982
10765346
75470017
76765109
47318136
16158612
81506219
2567954
62484078
99926297
79913105
8523967
22922128
113086363
94697911
31122987
10948398
17293272
96457143
77122043
121649024
101541668
3327819
22535170
76305383
95588939
122861392
38964606
68990344
3381131
53970317
2387061
82232717
68658692
57114255
68401745
82315690
56442990
115969385
21291921
38978215
74792300
90226290
38110235
839628
17317573
60611764
103458870
112596868
87319667
10868144
76019707
9100802
66703404
73251973
20878649
53764993
80167354
61840285
115388685
37227129
91777011
11247185
3322489
6473665
96246425
15909258
111272666
71787156
36451194
108551007
67676060
30701543
36598460
17030149
67795530
64137709
73894457
32564518
49116973
109726594
54117524
82504135
38563162
60434175
105624282
122504892
46260261
82348978
47779081
37117912
58463857
16980764
3300004
48087257
82650812
35870607
75611786
65485717
94792858
47142644
77533238
22805487
53271145
34489
110989016
118053491
47492117
2908414
32135607
122662939
86022822
10470332
4643523
92600503
102984074
30636720
9487030
90020660
13644960
93426245
34771755
22049538
108286781
119561930
74701162
113040811
94599480
79574145
113637808
56936139
110428102
21423079
119832009
72444293
120179625
15733354
18301084
51860845
92430029
100868252
88669657
115421253
114735284
39848335
11700293
90712402
14196197
101341373
18232927
17457247
111606447
53836135
116403727
15441951
58101651
51019966
54469013
90098343
59966088
13371758
68378538
87399307
17349130
22448688
103447241
114913223
116678928
49739802
62331505
103016634
59674299
21907388
89579885
35238538
18053429
36256330
18116316
81578892
15005110
121036532
26226404
84356786
99678214
106645928
89068853
85000672
110532176
116532056
49561242
23806135
85221957
78083903
120192615
59850011
112058276
20668427
482230
8301792
41248807
26198684
62739032
40822261
40837987
82196226
47860965
80501306
21603712
119296371
5097697
49314476
47920478
93081985
98738366
107711790
107585262
4267660
118860535
84923613
73934388
36846020
55815434
34769165
52421327
107873762
89858509
52352331
34591656
31153864
110785400
28376046
51378699
85133775
76271747
24502093
7991032
50559723
45714477
67020953
4650007
77738188
36630366
9916401
50153827
110137382
22359593
112286479
103272230
61321477
60049522
8904083
92561724
42943567
49790953
58235089
72708980
3334477
108870377
79592489
50762549
97336957
28722870
6109915
104335619
111387730
30789566
84886923
99346938
116761500
79908977
13452840
73505283
8476210
58901953
49446837
101063223
82199207
24036577
9698789
94827613
14392234
39267380
47314651
81043006
66971303
8790045
2162822
16696992
47109635
114851235
63289288
31819336
14979293
107031314
24714810
78023575
45147725
69247869
110538431
73425617
76678911
79257318
70535525
103942580
47093666
20260275
76949663
112682745
49985438
93533421
33781822
95040926
69664314
99549530
17435668
70149941
16734613
111652571
14805800
4238175
19242306
48322002
53858230
43075856
27797539
78581723
69700040
82712467
85240244
39434330
64104524
84289487
54511337
11548457
31905465
55424369
77196060
32811749
107101918
101057637
87400909
19090259
110189805
88790301
118651853
9187510
66918613
111265641
52397335
1084530
11405716
2453132
107142712
21164226
15108312
4106961
35314174
103848411
69333540
118102216
76930088
55352597
81096625
103948313
93917463
70295960
3389302
18312791
2113066
117758978
9839229
12469348
7072752
20189909
54137636
74121087
89519274
28574958
61971880
106508648
77115514
111001725
10407771
64267761
38674969
63375540
25565167
103512564
26995500
50936957
91263348
41567537
26570269
87653329
90002694
106838200
111138229
83651183
113509114
115767897
115613996
120755822
121881183
104024739
119088056
33396617
64163932
94723317
38196392
116445583
76878499
77271232
12941429
18218210
16998070
71619553
107365704
115296492
116236320
40119899
34808069
113774345
32030692
111310265
37305120
69730754
105501759
38139069
115488549
85949821
17680029
55957997
110354336
114096797
20649762
81521127
55361752
86730486
6907474
80625824
115510429
82910364
103982141
20427415
120897801
15045657
12620607
56994550
7026863
62787775
20219524
107986769
38635969
99494654
106753983
28544104
12864673
11872492
47918380
106969519
22905041
96783667
35069477
15720963
7404255
111780516
115966872
78547784
92200027
11205227
88405851
50120910
99470889
102865544
87713553
114151036
68835476
41825458
66481222
66683568
85079139
70920252
54484773
83285650
42482807
6757263
74289811
86187781
93289322
77560885
18418895
8265578
98602288
43253160
119139372
6913807
88791451
113226604
7776303
119699019
59073179
63413159
65727440
109377603
87718838
105085041
94094529
10216003
99435619
101800800
87987370
26484509
53434172
75159790
119835727
35440865
110844086
51428521
108231590
6609446
33069087
87683656
81534378
55935166
72608765
96134252
104683385
106728575
70967819
14141140
39765511
3267803
98985310
37846723
114280566
72796740
95920933
74470012
103551068
82414082
30870908
45234868
29226367
50648565
106955373
56437982
56553228
43774061
12678992
100578053
98768868
102973063
67710986
49949614
34797343
8216882
94022905
16604004
63608641
18290497
46912659
38475030
60250733
58949057
51258547
41023599
91822836
89835846
116133826
95022771
109744047
26228348
18326104
53665498
86795065
30730496
104505044
120220058
52823155
98512634
91415519
81251520
41180340
12150715
82663751
6422802
5691403
80990701
1711321
80154831
73096117
17940225
59796706
29609180
92478949
34115870
81601510
122666459
71663657
58350164
55861202
14508837
24517877
1581707
74399665
81082510
89259901
87310780
84046728
122006394
11025385
51892592
108209767
34978087
107413675
83319615
20419802
67254279
51093896
37689334
35615891
16859963
45360575
19277704
75933363
88141032
116411414
95512876
3511522
98374457
88757486
11426570
56526134
81443995
43102852
12063340
70832023
76660123
60337964
43583142
12967373
34357917
2928233
44800157
78405288
91642844
101144771
120747949
113040597
114967717
120432193
63161176
2159664
36734041
74760700
27362311
20774185
26003205
59883162
101091808
20870276
85239141
44861144
41857566
64363352
64323720
114980359
85992709
96867651
39845652
41727781
103664059
80071250
75499413
101773960
81566026
20520277
27972944
89240557
58640484
48584002
63621446
36933788
24697443
33456234
28555555
81864841
106487808
121192936
112683233
33816069
3815576
25074033
117712131
62308038
102942067
115302789
98613210
53019191
11668535
845868
48697584
22111203
58763020
34488962
82695336
19073556
51216513
74892645
122255714
78960604
20261615
767553
15743503
114949272
56934406
7399652
58789080
102515265
26147646
117477009
35209511
48394981
94997013
47581822
29505131
120458572
13092123
33078254
44776831
105884193
22850116
112164884
10156254
32521118
60816021
6550894
110135604
115933536
12096788
89634669
67042404
43931081
85141884
113474106
120301201
9062279
60496223
112068336
41512623
116444532
59620592
56564917
18094941
117477069
60182866
103321408
72807220
25168851
32502217
87927346
55252437
75328931
100336182
81720823
104339442
27812917
114903626
78838938
48596631
4616422
81004168
6703411
8213085
31019226
19779366
66048347
121560592
121117697
8401081
5593055
81306106
119999654
100102531
55356322
118519015
121421599
31225347
28914057
83869751
35778336
31071992
18072956
93185992
19327501
123388438
110139682
61039829
40447481
110841663
59853780
27193771
51187237
27123199
25319218
116580791
78378919
117532918
11613083
6557296
70718544
20457905
115144890
111275069
37866208
71394594
102436244
30858557
10663270
38312611
119613377
50802183
96650916
100047541
68856720
27690499
57462087
39692303
6210087
109086247
54001165
51799676
101165578
995227
41120283
38356898
48896083
2204408
97560585
35629262
92945886
32708039
67259309
11770067
29266516
59430629
97674089
116646976
6143444
74538512
119754532
29203293
33214214
9385381
35668658
39111159
14252601
62457453
47157338
78370082
43317628
91541947
83396568
6087428
47212107
36019924
67734841
80510232
48548319
56427911
10770856
118545853
29129975
59873527
63425652
77526083
26008191
95346744
99555379
16247957
102864916
51975072
112079399
54460941
3150473
53562118
102029500
81459512
7452759
111938341
29353990
122456984
54900658
87638128
106210500
27111551
76846974
41233577
91856071
30726296
34321894
88293422
60690526
70405875
72398677
70263176
20117689
99275171
21684632
47798463
115957608
70269460
27053523
88030076
4316017
92558660
65730952
45329112
82579323
68492488
3713784
41432185
23438005
94410910
45009864
98279147
91008073
120029825
39863703
23889191
499317
24222374
21646330
20934444
53005866
83777458
113106827
68265992
121186189
123149443
116626998
115051734
25458645
16384535
53082757
92392121
55466642
47343887
29054568
101002023
41265119
29069705
34976199
2186390
41645637
56292959
13955142
122737003
72283645
61885742
40370646
28453773
524209
96989286
10607505
113502003
20624505
76927829
66940454
83223662
36616787
4642791
55544480
22726159
101182563
114262963
24669197
27393319
72493806
64588408
120414193
32302053
32302730
92017189
73767034
111945473
25764725
25901599
5847611
39884069
70524605
68644364
38439702
58617433
31560348
104987381
81219851
2746613
103079591
56236367
25690275
57906573
30914632
15422603
28169513
61291573
99998384
82070973
41068821
62385886
78898659
40732367
84154166
2369356
7207175
82016639
16039741
33742125
119445561
93359367
95359979
26340076
44335037
11672084
85271346
67932238
41293759
91309448
51664568
2260254
198011
69376129
19635000
108394379
51356382
56027002
85896715
14102445
105381945
98006899
32439374
118058711
86482287
105640876
55401068
31144949
10887979
87758555
81829046
121352688
82422375
22423385
73327522
105617672
60941356
15509576
9255756
5357430
70148979
99269769
103880741
44162275
45410015
10389446
77119119
48540421
21553079
108515992
46908030
35007732
38740615
30823462
37293050
40264037
112468944
85166760
63303681
101523328
114606426
119888680
62036913
112802499
63441493
72074757
7440696
33058539
58637644
99149362
30301095
70754112
1371586
71963029
54593590
60345270
68101980
29912243
26893973
48572393
115446697
122471491
28247544
113031151
55700649
30925174
92703893
13585404
80122865
78819331
15530230
60349472
113135059
24944989
71982085
4473279
70385356
49163841
9274612
74950394
81223910
46595041
32445780
77514265
74320779
38531632
73461105
30658097
47930636
17300163
39286657
75240992
28682072
85936098
83099766
78221677
90487492
35273965
44933443
97563774
14942752
59421188
63244355
42124438
7800184
26857716
31301254
70927616
103561238
79541249
54175642
70850685
69903110
64558072
29669778
73358239
104086200
115666401
64239715
10383519
2257329
74876439
72423865
98067976
96872000
39013240
96923014
81380771
41647065
105477040
91354443
17217815
111561604
40088068
117490511
113927537
14160203
114056274
30765565
26688798
80927059
117093247
52549953
73082813
16093926
55884848
16803493
58739912
91197592
121013215
4707952
64777991
122473231
106234094
102840412
60443695
117392698
49714882
88585851
14575256
78859529
123384805
74239400
53572757
9960660
102446862
85882630
48660613
67554285
57204596
56156980
47832645
98330086
108508122
13722544
14602555
69412465
63417577
65266347
36375997
30110162
94747994
58201179
21388201
51429554
101222036
111277245
99215675
33736721
102546588
107914771
13196489
84376641
112159452
17922098
75545464
36333029
23504035
93066019
77311382
70458534
119237152
46200646
18499115
47671195
75299359
22432315
74391444
116712186
64942868
104015943
95092587
98916903
97108229
109900801
44259458
99822624
15508670
19212299
111723428
119771983
75206558
41667980
12316909
61970097
1827348
55748632
121005906
54853112
28866990
58714965
66248665
8386827
112025259
82629403
71173210
84502390
54174313
48920432
65056755
68013949
81387428
80035595
43186539
110933440
72150117
88621082
88098082
60959193
44011272
24950358
113094384
106050069
46390842
6083409
28407144
55820308
43166678
72785561
55887590
86853222
20927133
103523662
65691612
637313
23432090
43739875
30645536
9041204
1944646
27496309
2344385
105693783
7297939
102040784
123281726
93744378
49480746
77652776
8260045
54757777
80634386
61647005
2069684
104601003
104123915
107911412
80198565
67416857
67517120
75015935
96461967
108262027
97856754
51965922
106123323
68186615
20852340
31084481
55776420
20309747
118129963
298141
99392912
50838930
47443066
91830264
115592638
8705494
37818198
53949492
71876137
75657078
85179263
75676644
118369077
19775793
80305105
56143922
50909232
119116429
41236043
58587714
50247320
27411492
8345414
58440462
117608155
91490436
82254964
120936024
15804488
5254381
41391661
8783702
118122550
23153710
79469360
104852158
55096141
15464693
69956078
66628790
3439131
66305690
103014729
77211834
76195474
25867906
106384039
56369643
117770110
98255399
87405353
69027268
55827474
64113786
116905382
53393292
54498059
59263624
31193325
9300758
70113930
53152866
111266863
22998505
113062228
9470213
104634153
93546890
86761532
10499255
96417082
20694511
117654271
2794911
50244440
77710822
119665780
42588582
81712577
114365258
65507336
112144209
58201445
74194983
23425787
61262143
25269475
46044223
105116726
82453934
35043407
95354564
8825840
36852812
119625344
5424224
57273451
78326929
82344576
122004755
106911365
8793890
41626188
75006548
62939811
8103828
46158276
46696873
16353658
27147674
17151556
109033556
57398486
81048897
91649035
106517554
102935617
6897639
112305573
5884851
122442995
116255983
98904927
118369990
10749399
30397431
84552893
38780711
39096869
44983220
20031306
78932302
38823307
63009477
19533069
48490303
19452441
99736306
120121295
71753590
14852822
55014945
82323869
46079469
30681569
120820679
100845817
57603794
2593442
120108413
101371030
72381704
31911543
34502640
90445339
115885348
40808660
10010938
9369766
20140931
70790728
73825058
74747230
73045148
99403684
34501090
64394489
118999808
6916514
84757266
91650321
53823187
120946970
100306192
22333293
15855311
44005525
76594753
72369225
93485889
48765787
8951803
104320296
75990212
31576678
34641123
47496830
106873104
105669497
67790744
32441777
35395393
111708101
58741438
42130655
37574884
37402245
73613687
102027192
42644820
15691646
82808761
466277
11464484
3349232
85597035
111361817
15170876
18841313
48540404
120377100
100090002
66535448
64331693
26464313
59210818
31845341
82081211
40557614
35304876
71033714
35686853
24911527
100898147
98506516
86481283
64395463
36690472
106795936
117176730
72464506
16415594
56893029
27939712
122810593
50171700
15811477
96746455
76868322
5311997
120792951
104277292
69185283
21150292
100946707
50456913
118865022
111594252
21480179
116634832
48928678
80978852
49885006
59229288
96575803
70972490
117806186
112078221
84193029
38255852
29862387
27595905
96523921
13634369
14102662
60692944
110256837
104310160
103399418
100228916
6865821
22218983
118267749
20373708
32886905
111740121
4801318
4695047
94390984
6557894
30808010
539929
39949443
33376887
52971069
42302169
81134921
81562870
17008119
43154388
87551174
27146350
44860208
50521535
69508826
3710478
35805227
88669591
39597572
18980291
112996964
98403685
36634592
56595734
41420740
77995468
40990597
6590057
102321830
8472528
22584378
38740466
4330148
108328484
104500952
51445814
4133489
110393653
34945246
25317209
33284794
84130226
19528763
74416601
94847349
123146543
19144328
31297312
53416792
28748958
74606814
33162492
53009484
46287944
4641383
106188393
25929569
32049229
53279621
68564566
104830129
54412605
55371094
119902577
122616269
16790931
21004151
89495379
70837729
74263625
66387030
62946946
103650588
51429111
93776535
71338854
54971136
13246935
68431290
110235034
108237506
31731489
19203732
116760447
61804956
65378322
17769753
32937063
16239935
17187782
99811629
78011397
86979407
93344521
67191036
48912526
6464646
18566011
12545046
45979898
109933867
32270645
96528734
45784090
77153173
102687658
60109851
85160394
54201309
33568347
61799411
95640296
72290234
24392841
48397802
18952771
70369425
3141417
49592150
123375790
94923454
45437349
25113448
114157857
34453435
3767252
2757783
19529018
29147516
83806601
60343702
65713539
98285889
105641513
90884562
43429871
77822093
89609522
113852746
16062805
76598341
58364572
101064000
95664496
59094397
50442082
92142798
86542470
6431706
7512957
38571211
71874815
101774344
63648729
863649
50668153
90984207
39753596
123039531
96410414
56047159
78676232
29209611
91064720
10133473
119478936
12637862
1812653
54870845
6496274
6804053
20480889
82348377
62049259
49016958
33282360
117912271
69193166
104085003
95548422
9214998
11117338
116677695
53770070
117160373
44465985
40660288
32957998
97215967
93196853
54446604
83028147
58721664
31010784
1757711
118708713
26734088
100993241
115802188
75065138
10476895
15862260
38128943
43573971
7040464
20501269
78469605
37160513
108026299
12237065
3318113
32418087
31572865
118384006
98106223
23750166
57897117
94147919
68121645
64765950
93493917
85419279
85536775
37053553
63497924
33668762
21915906
83719323
49736003
23641261
30209861
17646992
43274664
85003048
51786254
73346982
111460145
63643815
116445259
96210466
3240355
33196690
35675010
71967304
52517460
69924602
105340733
71383130
57588770
21345701
53883717
77100563
82262661
28975860
86220226
94828297
704537
42967257
52800981
120575768
82617340
90972762
19978754
35110926
119441546
1101827
105163937
62099058
95717283
32963499
90585670
80437490
10198181
120716762
7969289
31124304
33465331
107929029
30670416
57617361
57626488
13259019
48578435
69166617
77394947
18637706
7732456
25230120
694069
14859555
68278372
8823466
95632348
61758737
53687508
86753018
64381051
16986245
70641736
112323827
114508621
80205802
16443707
84709684
82211115
100741680
34549531
88653022
8442217
55310677
67733049
25638789
32407709
5384043
122692118
57423434
7311141
77013220
95339942
10799964
15257499
67971161
102990246
109592089
15283805
90983366
99927078
92633122
82670032
112369683
120098494
9376816
39544677
68073468
94475199
40400171
30471178
40732598
113220268
24743940
74596829
112258175
47874253
32141709
76578779
50783649
106371725
46791089
44076469
10035622
54269637
95647513
44945879
84439483
106788715
44937867
23277468
37576354
62132671
68144464
29196282
63208311
54023125
74475964
80942043
122015757
94869521
51925311
40045691
22137967
15570912
2944862
78182682
2827602
81865850
49113766
106169779
9146269
40595805
85462867
53414622
92175872
98653048
106105012
6940966
26266059
84429942
45112482
70213642
26613589
50238536
52790463
17725797
34503055
72236559
36411623
109889639
104385802
90615888
70113075
88744001
55662688
59323076
18401728
40173192
42341062
44029958
18190463
118407452
121386528
9922375
1942507
90655876
99747897
18893170
105052100
58247233
79048230
85842634
68015819
39296713
96424210
91346187
75817931
98988711
69847781
97090060
26670561
94851183
113682662
20907963
3063365
45429495
90876228
101125291
89791901
68736075
24443092
3991401
92346677
32812182
114403485
15990161
89426023
114555642
106188330
24894864
117717804
33408996
98417762
101027572
100703045
2901281
11336880
104059305
108320672
97067707
20565693
100093792
105456543
117207595
23865600
98214650
43785790
36820772
1436415
50839181
27290438
121298619
61847150
9445097
2130424
114245186
95449025
16677295
12506468
14070897
93735164
92792256
91171068
21223529
73332277
37731119
21957223
37799658
88753144
36723680
73228782
1095765
27268974
31431684
16089125
49096360
10985845
54158491
30295770
29999207
56595459
62388750
101874358
16213117
59472312
33534601
12422480
34793293
112729805
100994624
15589480
19767540
15116739
22306897
15701661
28588473
18239972
36752822
44820035
91297223
18398152
29219980
67571545
1700484
20685797
119408161
32912892
54270224
7215982
57430479
26630852
19944394
50128916
61422322
77305875
101359174
95660305
38617380
107096464
33357194
116732370
34187103
94589885
116100074
45951248
96650538
44545875
74901709
3309599
11967578
41090525
57607147
33787764
46291782
19998029
38656604
816063
91122839
74023749
32907830
67872544
893578
85041385
4524099
35972524
11823775
18614865
92105126
21524491
71115148
96284532
88620396
27419860
75084471
113270483
29287357
39717063
3238670
79209200
51299403
10914592
115930509
35123918
41760028
102687748
85587416
24409703
108848793
111978003
28326045
1259224
10138909
111756184
53424380
82378555
1903944
9850360
1783107
2587645
96173903
105071427
37865304
7052446
73242269
79919664
45647525
102400524
47414348
28279575
34498473
20004320
20526402
81767199
20395851
10326890
86914544
113490681
27694359
48435188
30445714
81402621
63287083
45103135
36193288
19743539
55597968
33536517
20277643
47631892
105537588
121330367
28088825
87133835
121813283
97499225
40748424
83551902
24647919
114046259
59802168
73072894
47150251
57556113
40232713
5525463
55585963
28720940
122312879
76880018
102394815
993919
68285347
26584573
7245160
103552839
111366779
74602275
55579009
59697172
10803983
58815761
57521926
82529499
45743173
6745099
66826057
85900787
106911734
38960608
75315763
100345249
111441467
70156052
20762836
81767890
105505157
45694385
100493440
34296606
58401672
58577385
74030661
50398460
25420409
64149583
26953447
35338050
110797041
75792109
84111094
92718791
66235268
54101961
67037872
91218546
103198840
111548121
109947735
44026478
107530077
39626106
79056378
49392297
122508885
112558112
28836199
10260349
79646922
101850843
64862548
38176327
25720456
72143984
84223105
99064648
38439495
55544634
49279372
26062875
26384306
46967913
78990686
6863084
25748958
8607572
20946336
5554882
32239005
107731030
35422026
114650396
68214752
50673227
76364821
33795538
29503540
94100749
40829488
63192436
9754393
91264599
13444474
80750031
54785467
51810946
44073140
27580788
15440025
74879989
33003111
89936125
23597199
79118795
38073199
45190255
118023264
8898763
52679218
73784836
16020021
23553968
67710313
38638503
18626803
46239764
9929026
113725864
80977662
80227910
66384866
51329897
79943328
97775441
116452429
68864546
12206607
10015098
104040185
33884410
91679032
66506743
2194109
122254386
31887609
76134074
80251772
97875633
72820963
34011309
27049894
27443723
81026246
31793311
46650975
58394011
3314627
47730804
89493510
89362430
58561952
86315107
85773757
94624736
35814516
70989791
63397411
96706752
1704397
36896718
44105447
27995011
41007889
25956074
8086929
33421546
62838284
54481634
80059211
119667268
117940632
100795843
6767630
26391837
50490891
122204193
27689810
45475814
5568388
37098204
23269563
102075727
43754048
71086189
102609411
53482331
118261570
15202609
58350688
115417554
101714811
99450144
99391011
68419557
110803461
84201195
102006145
108044764
950323
2382054
121130607
28402857
106843374
49863423
116791158
84543827
35048923
14668203
36894001
22812013
63461773
18991665
81617389
94295114
24580246
13444944
112996370
88396191
35975378
60173067
36902719
21507465
7907809
9042941
57110454
53642822
101209449
121457429
16136212
26657416
21751142
104075802
15239520
61454056
42117638
41340558
38058039
86458333
97763414
112485848
48456791
73093952
55072875
19962947
16356255
22053083
20445872
110289103
4949692
30499835
28949891
118402714
116469381
57332498
83481796
105291316
5919394
110882800
85217024
93041826
114971917
116307174
21578872
47809673
57044250
101594029
117865113
115622498
41512793
20622368
65382455
112010519
106585236
80231406
101583453
38817771
93422714
98476777
105238365
79255064
106172352
27613245
116672538
89764796
82232061
82410735
24578999
16857800
9819534
1482616
12290485
12985595
119267292
59318584
41990288
72417690
93776605
23390860
41566879
16299627
107085083
89396555
14434768
38148883
9553934
29463168
32852490
75896742
40380960
78344382
104392384
29040403
10734706
30365758
20868253
51620694
30770219
31006657
31074576
86255543
121054155
26353967
56453295
116153861
111317633
37682307
16622842
83774595
15027266
49116002
94195361
75996235
83656619
106980976
17291632
44116228
86546989
82382539
118417902
50512350
88124054
53604561
99405702
117972486
92783995
76167344
71667451
98126851
74595
93458444
81706942
19657813
21950249
93981413
34805009
13196305
7358098
101131736
24719243
29478467
116995260
8995701
102161612
80049944
38224968
28969204
48636867
39207744
106974880
63070384
31601907
87506195
60261151
12314490
20907714
122335211
82225689
24847265
33660574
81252648
110075620
21104455
47315911
28293771
100485236
94176936
38018273
34988866
42475250
102289157
2719443
40362453
88518980
75687379
1941660
76014097
112602626
11082714
4614348
21369015
75351748
113451134
103768664
86237890
70891648
66776137
61131750
31199091
55866686
7999071
12683673
55388581
43818333
65572632
75310545
12264209
114340639
95601839
117129299
16438673
48845616
116069916
8111327
48737180
120254214
9623238
10461226
73759260
55213910
20312152
35906509
62139005
51931577
96615983
105435120
77990867
62365080
98770084
98632940
113336538
29581391
94096833
73310516
116266278
25019414
14373251
41417710
26664008
108553815
65315246
118293256
103476925
44864386
96752110
122381173
114398675
58605280
123342939
110932022
48293655
120788091
120868376
39510523
110542771
121208448
3429300
24532862
32110959
102333055
98857999
20861094
78745241
103140594
44734992
118659419
37263668
114193974
98926464
84812433
7629093
39555660
54493541
33266582
50520519
101987784
46365015
16281306
95226234
24244612
25005893
59223067
89910446
111021087
113712898
10910210
91454991
28287875
1797414
45256300
117742978
86520161
27014259
70157272
115981795
106816252
88257375
97316227
747143
43083000
122707198
14834932
25216228
38878102
71415399
57364327
1554104
78737401
119201688
116565627
46059964
23676531
79228611
57106697
14870108
73849734
95141460
31374592
117693862
2174533
89278616
32295918
51860210
32226850
26898734
4751617
82286097
3751975
16899893
99992640
109012490
97677526
50549596
122017316
46357215
82951664
7839773
26227860
83668229
4853434
66348120
100172440
119229920
48085075
70731237
12035127
66112103
32872099
108996757
55771252
32918889
32011264
106005616
113505674
58358067
65230134
21063116
92077458
374451
73465273
26401504
16393816
109576670
77382555
106833810
36949249
62796441
117126616
20876226
37006567
63287326
97929606
91376466
91702428
89759198
87232079
118531200
104078751
40025928
10414609
30577689
54131809
99237237
100879557
80907834
41680614
51644888
42657225
75159893
97171527
87416621
11901216
11289693
51728130
9372671
20222896
114722989
30158728
47205483
97271629
116174444
61726198
25002876
106407338
27648585
68570538
7436575
37316697
17798065
39727126
73281907
30152231
37096008
36322511
68482038
49810527
116336794
50758741
57324972
5734684
91638669
55752981
95826445
114907138
64345317
107614907
82992188
96013881
106041096
93346589
77170477
121824973
121773896
2844741
24328091
21700783
47557307
36976377
99241886
5621527
16070870
113467442
81819158
4313692
29135336
26543201
76611625
59468481
68232588
53186067
27214690
81933237
95759659
30026132
89222833
56409164
115566992
96253627
13472347
80543935
121191620
40628237
38040981
95802589
11216158
456291
115320795
105177854
98212983
16150635
71275683
104367240
75112802
119567379
67579015
78076018
62359703
33988780
18775358
49520820
11654510
61189891
45498001
82020985
114266648
110567927
75768119
75652716
110546483
110076227
105638609
115978953
9902138
106904034
32597247
80970799
63560823
103588329
41032530
119257728
46810660
76944068
117733184
20615893
80013919
99754
97193020
102650290
74103119
58815861
9671892
111413205
15463969
81752745
98689220
46826887
77980244
32034407
100228465
122742653
68157591
101181297
92985301
53118700
30053557
81080951
14315418
56284427
67534412
117916501
115103091
1265786
120044329
61090038
21331371
84348306
55858344
64365421
25577598
90280102
103490545
101982817
111094734
18632897
100325502
901417
19026500
75395224
3943814
81628822
15164782
39469994
96568661
99553234
5762741
94549197
73887852
69358121
88157411
120026390
6096593
53014038
122420772
88729068
101940569
42281478
104133765
51706333
38178294
83557260
90328640
54689074
110956085
33631895
43134867
31534854
121570373
63370821
94080908
77732168
108463885
84491824
48790710
57056047
77323815
82443371
30522725
92440374
2257290
123369586
15430261
9455795
84064856
55931209
5721352
64950589
110326001
107302287
37077149
64952230
63598119
14841016
103098831
9232680
110915868
98421374
38277667
99656530
38265138
111624020
77518669
98783937
59793434
24577796
21822664
96355601
73286624
11563996
70120795
21111197
12012367
102673384
91873610
104180626
24274393
6548455
94302880
56806168
73895402
23669698
112620604
91509067
24203314
121181875
1089175
65127182
67073768
77262809
43957341
106568467
70467950
104073955
107629644
35020999
113078610
88232143
67959419
78629975
42063816
24510412
386741
81852095
40069624
29232096
123377183
44027436
25333943
117556538
63001491
57511526
56353037
110364081
6189999
116653913
24436363
38725072
91196122
121466474
69476173
22640582
119976071
74519667
24780646
98601811
108731890
22981916
80351983
104094234
102077501
24421046
102538136
89318796
40380249
65988355
2632120
4651390
52646149
60563679
35222509
69875773
25006214
39052315
61251925
26929322
75360211
106259937
19391622
114736419
58111780
49058910
47590010
68441493
34803277
33235201
114794062
40075869
109438512
25488985
57259194
85623108
105298442
51784157
37290203
116277547
17465039
20836698
112993955
47831422
101764196
16141832
120300256
117424817
120082944
44472278
72118570
2276689
79444462
6012355
44375135
44350290
45486862
92166520
40941702
49009315
53466933
57232342
53410145
115610287
107567279
72779860
33972802
120579343
43616761
10248695
81136852
40115268
80025391
69859119
65917933
28027521
19268134
14151841
96972929
81288338
92657641
933709
117867972
64994357
31292124
114432164
79291627
103808998
97316749
108199751
14443013
54078309
89037695
30377887
28556262
44216656
46069475
10516249
11664873
38384238
89310862
30490300
90831289
61416703
31203462
105771398
2515071
111372689
74846041
30168150
106881683
27720607
44094288
88171776
89767932
36259459
20768435
27636059
6280280
5127624
33692974
107601107
98351280
118716498
108427963
97604329
104832491
69333304
90146693
107854733
65669918
105864340
10426628
34816064
51169716
78240684
15196589
81441837
105536836
108285253
118634133
106084886
14658330
93500883
103793351
56449627
6169665
71368823
14895979
113515829
31650308
111498698
94344277
11036449
66052331
40691706
92763103
45468883
62090730
29650506
120636602
43116033
11054014
15674354
13912010
40260973
110527166
81071356
50004711
47896865
115737281
70100605
51741984
45264391
6026473
83891403
4535698
57929394
68492133
22118484
33306813
59868257
72743752
117885260
109046445
51075266
46202921
81512475
57775562
75582006
33210478
20902598
11597300
62538298
97879830
69051773
23410723
54995073
94334347
91869017
1826526
16367479
37707328
41596737
98628182
82923702
30897095
90642361
119921120
63491853
30312819
119565156
104143109
10579733
115763584
19160470
6151594
112836208
37458010
48385415
58490540
20763409
91804551
78582049
99956557
45110899
117940466
73228446
19795662
19095586
100635090
70547915
41302797
95001026
114646199
22453208
6833608
97692787
36162710
73548168
12874856
59561384
25121302
24023892
42627208
88862515
48660177
11077813
118813585
85700181
68205473
17771613
64198083
27450294
67602004
44551040
87783809
36817053
62387971
15261900
67630599
105652354
26581921
11415366
90332513
22297845
61329655
123164863
30580120
95395876
61119380
20655209
99142801
117819462
63541076
92515997
64275096
13337976
18396555
52316185
118271698
37189681
6558865
46339243
102118007
87515193
39697628
96113612
29071668
117092824
45440592
104395984
89139353
36545032
32005646
85892059
59305842
24812088
10193946
8383
17436292
105008694
20314705
3694111
32822321
37489830
64603700
6650220
52331390
28229201
76407227
80511001
11129668
28252057
115767587
36095657
32922063
35419698
2003895
109590131
80672939
92729581
99348574
95109132
31395786
30035384
46932103
118763010
75512494
49959450
101049527
99330363
61134118
70185567
122486139
27116652
14369393
25318674
8734293
3644650
15361447
62665216
9987204
79522149
102719809
82273367
35493693
85784389
27215682
73852482
17870307
44107965
71127537
57210763
61102259
53718059
32876714
113065393
62664368
44859352
36516857
27924392
38745262
108925591
44721446
14066472
68536945
83681654
107843120
18342337
54014152
72307227
63080614
30525858
21615780
100775468
10730437
105632149
57342717
106998305
37661622
38910028
40672856
71607101
119814833
5497154
48846321
29645747
113765644
82745443
22183931
72100425
93249840
56024155
38047186
2325066
28319178
83228399
116637796
49620142
100416428
72796916
24570796
2828882
4699456
21071323
106961968
69007043
11968097
24653809
89964814
37511865
40610643
112326876
116222430
28400562
93837108
77387904
24129044
57556891
52902309
21704749
65877749
43865033
35434765
32692571
103350831
123047295
103036923
30301155
22207662
76229926
61951030
76109831
117478207
30184748
89399957
46834747
87032725
1805835
38960073
42359083
1315973
74562280
100134707
2843480
27505649
60642411
1665304
96636466
103287469
119654256
120977841
101362998
86028354
103852906
119315206
435795
92472520
98669076
53859611
17137703
98342328
91717023
14623980
83909508
86690290
96445221
73701447
46809810
13103248
97411840
3589077
44222913
77304819
10091177
75042629
100811603
1173687
77558703
7335956
123326444
80614135
116030000
3269430
53216744
49000009
69260150
119180240
28162218
36957612
55143294
92814365
92386664
13687827
47991631
55601316
39869369
93933968
76816982
79727559
50349853
23125213
118718622
45446677
107987225
21546662
98556463
62555489
114711704
87405311
43950189
84255793
31980419
81420857
122890093
77476277
52710022
122433807
110855855
51465146
106504020
74047137
6088845
95398811
12150685
82947905
92083984
10971329
57914157
9762582
57104213
120949494
20058635
70013584
45071570
122940142
30893612
80439700
97278635
35753078
100770056
67598927
67168206
10825784
104027557
42993393
72955996
82101238
5968536
23466251
50943091
21369963
41371936
71600929
65612763
9051528
77593260
43965065
38620777
41115168
2732327
59545133
72830378
43608740
23267722
70727790
102741872
32778857
97261850
74463080
86536798
59336626
47965370
107653595
17664355
13466608
58014617
44537311
54423350
62974786
3422143
3737017
12414365
95381082
35401129
84632128
13271177
81125032
87557606
86124490
65547917
29077157
85889658
68889219
56133237
68709281
67537240
116704327
81472993
61422517
79770740
35758436
92142608
58189591
97100948
12306469
59110426
47768358
29883974
119123851
67680357
78143787
115043756
39606623
97198529
71807400
55064105
45170966
90301489
67818188
74174098
18410774
68776661
64534750
32820590
8779027
64709374
79932163
106695630
35435409
68675828
73427994
42320981
76492708
35732836
56218710
49362459
64099291
119388995
105531482
68237559
88397544
8778265
51902440
1245726
55375286
91271917
12575061
31837412
121830167
60453116
102743922
43268272
101029493
9914617
69725009
107649034
88835602
15446123
103443020
92713246
22164937
74114150
71226355
64388398
41812056
14245467
40853555
97746524
838913
103597808
28146924
27231182
87447404
35443941
38679379
113123225
72582415
23233919
45982795
34354457
68639052
121360077
33597639
60689149
71633821
50293282
109521462
62035342
36843832
19041718
83844322
101814039
88359100
4711337
121669686
53684236
7389329
82673263
91958681
3338835
84224293
119843864
48742635
63702175
84870032
62349343
32449533
67071131
32942750
37919425
76861891
69425339
7717768
122767222
36816488
2955032
51344914
35483485
62452757
66935156
92859530
12867231
4927814
8795471
118159175
21426140
23450262
77871916
62811296
20819555
22230262
86104009
41732997
68254696
6048736
63348228
10828805
6161030
954797
2455903
79406740
14868445
95048313
119103204
17110540
61332774
102090227
89690590
68807209
10608025
23538153
98758170
95777186
2568174
90959053
61262604
82572372
75530070
73262019
91448667
45863446
53295172
8708476
14010617
18708646
114093620
91499076
28889986
50060935
5605571
93491310
42391794
57262594
117583223
42828679
44597955
111196431
122940255
106694722
94100708
64917836
53673486
48850222
45272870
298802
110908589
24849727
49879859
22684779
121265952
106107755
3893947
9438572
15921538
46759977
15386355
11862137
20897369
97107270
43033404
104171993
76944520
51021779
108905039
44872778
40437746
20339073
68060405
23159582
79480710
48291780
114052401
89128843
56880056
7261209
102003619
90343581
10959013
72266924
27769473
75926182
41351884
105339446
25357200
39387216
37371445
254509
6912518
67127228
87196321
60904384
60529601
6643953
45299161
96984957
111243775
5735106
123102408
42455166
36810496
26086391
51629465
29950192
72220442
60782902
117140790
11802952
62978006
58353183
8328431
68663129
33007560
40441179
4517699
75829448
20457667
87179889
80793958
102262806
78036527
88625716
117645600
78385057
97213359
74929996
9679487
66863211
117817419
29992739
96122007
121041949
43368004
25295622
40436202
19166500
82720369
19877950
20144524
31280175
62245795
68849463
79140009
23458166
38109035
54979397
3855338
100847457
110350959
7378438
48650814
25506781
10763634
21918998
62979262
54279090
32770055
23228555
30138216
72448552
118264969
22798868
39916602
73542596
67460476
11162685
14651337
99020071
54752025
106628947
74953949
66664626
63165257
95526466
83684428
6637764
63924927
101830927
2207463
100569850
35233352
4412132
5182490
66875014
119237982
109274940
115816392
17347454
117736945
108986569
57146945
25291929
102613104
114738082
61690636
44165901
57609827
29681904
79394963
14291114
18965830
17372661
24005153
122398251
80588988
112879222
69208444
40428966
70944821
22355306
63793555
90900240
109571309
11651413
108224216
30096352
35630847
119584981
43006582
22956642
50313417
101524975
44014451
29255327
117884434
118722548
86653524
46248134
2369392
81714146
66833522
87502003
113669246
17967644
1616998
49845307
83600309
97865748
80077541
57393347
68985893
51623713
56733117
55511450
35320024
78712572
23504546
2568792
51790909
3349343
13942807
63250632
123250792
68045910
75580179
28094024
25490840
63658744
120849634
19357177
79177194
7177581
4531382
34514866
24236708
40397589
110914407
49113048
68536554
27961497
119393221
52694825
89153971
60499865
73811712
48612216
18827439
13125044
43023611
87815266
21750712
72859721
92886369
44837567
113860284
94417851
63394147
42254954
27926900
31748598
35494068
116076085
111817846
2655584
78601591
82806019
77432022
74434406
23319367
99305217
33628962
43370670
20930328
33765238
13696482
95183112
114135811
84233664
30022433
52213289
66926302
117444125
74652519
60609829
120492195
84366728
118945434
55929573
27349584
103746194
4240548
82684002
1976791
24423570
21095965
3327971
49485155
77446670
123240498
68046311
32382802
81387614
8447278
17320365
82353223
46011241
93357778
18310422
11828017
15577854
21728066
62212516
4144830
78889833
15038074
82962220
110540046
26260753
118684653
41852519
3909608
50110606
623866
93490559
102477042
25770929
80617357
71478664
59915451
100415141
76325856
119245267
10366156
105178940
67723015
54762309
8593622
8218579
49024579
14353033
21640917
54609556
81772254
105355236
18260353
108417776
25477024
29242326
121106520
42661249
94455141
97214417
18403633
96561712
8351326
33558293
65020992
60240082
52136859
41688481
60815018
14446772
92478387
98572255
56686870
18166355
108347962
86274766
98135934
54435336
41856959
29384068
11100235
76165288
61507580
28373499
8547134
66696965
64117304
76540554
866720
77122901
62955875
31990398
26595517
42970880
39790823
107058590
112772175
71960230
57487781
1669140
87182063
117738626
112079587
82398092
9040556
41396944
122352518
27535642
94896677
88817216
27654368
66679815
121063936
42915260
43467039
11318805
22815173
91794458
106689820
86427213
118111600
61659453
87826431
61572893
114876093
85141528
83525879
6367959
97165213
54817028
14503462
107574025
111445463
14266285
45148749
86864487
37676715
21317452
72141566
19212594
92310308
112338013
57276775
59885228
12382417
2727468
52188089
88068438
56965891
17963456
55498571
114518619
1734860
105022323
26834915
42826399
31461680
1651442
109758910
103831630
107704520
108448911
104084433
61597247
54737800
65720580
92354687
19202028
112492504
12089959
98698569
105658290
2867348
83874693
18940426
109800588
64003428
38443392
46327094
70128923
59039139
34254519
17860142
95400953
48963779
28071615
94353813
72628647
35143224
94951207
116352104
35976648
32393473
13033169
54263873
73486384
10867850
45918900
121113027
102899914
72863633
108698369
26917294
70564323
119307095
37101741
33567302
44642346
116128984
63580261
84689863
19958081
58436432
99430815
70184456
5134208
70448343
95784989
10256406
62907655
36199511
876711
97619914
69919024
35962472
65015954
122988140
96855264
103348356
31488850
39160759
8459713
4561381
45693403
83200602
69378854
15497091
46716053
91798340
48095691
76166826
38208126
91116528
42669191
103691182
91248975
22518783
22618967
52754964
13600614
112808692
69230004
32441655
106864744
112990951
70838863
19420844
112043417
116526146
73282411
88584079
83066356
84022632
87395289
22932159
33951302
30895720
117063470
20325135
105877566
59704351
107496501
67414534
78411443
47286091
20147823
62355283
107505678
74230649
54728924
39998437
66571713
56147353
35054244
104480364
51828730
120426435
65472074
62853665
42111588
62708747
465737
52731938
95652353
52796090
13213182
19318824
51862268
42038221
88544517
85775001
41630725
101322923
79302508
14994952
73767815
51169821
6103500
44854834
59262185
56969172
48760174
61629586
104838467
21943962
111772593
81890615
70621705
21763888
47395175
27236575
30641695
68730670
32304747
76792424
36945370
47156958
46823873
27323946
42812445
42631630
65698329
88752497
100157720
44818403
89027748
36616567
98429991
35275612
97392007
90156947
58057568
75611018
52171691
84158265
120409869
107862809
4044542
71759207
84886556
18846464
110335826
99037289
121592558
90234934
84686453
112075049
30905361
30991565
49090209
55840212
80436394
115616612
16894960
90985628
64424707
34367224
60671628
73220572
60469003
198864
83712500
33765332
14870090
48363523
110452797
90496898
44338019
12235688
54889293
44454547
21003095
96524622
75377196
71317585
42307621
25344961
104564856
63924111
112893850
117702532
23621934
50973904
45416898
76541293
37658278
106188345
99048888
44439688
18587710
105167012
89409398
7744676
106748621
12326889
33133613
110209657
77662433
21542656
56387170
41976032
55765741
38186502
49309957
21118265
32124889
65576052
8927446
114853298
48025145
798805
96723581
37229572
59316707
35220984
18273049
983951
97705629
5084626
26988887
14912935
27336590
82714744
48795364
111310890
47403245
15065227
94237905
99847379
37230653
77509210
87634498
94755960
43469403
100605423
114504172
79739628
80612263
83754796
53424204
79802637
4528490
59428827
117324859
118522764
86157938
10424508
73899643
94948185
41190165
53034337
18931665
85222886
18983187
62584432
83770864
100960823
65186268
122032728
107621741
74800687
33015391
122908176
61370125
87380854
52802491
96423604
80754895
63014910
60908516
6519336
123098188
21084496
32298381
93637965
63294420
44170941
18478204
90961570
54823453
122512573
26714354
16213345
113241292
33313876
79084244
99029672
18351074
101771307
110878974
21319692
109789246
45553457
2856980
7510707
49091581
78493166
87557308
6807835
108822398
87063725
29401929
39599049
92952850
26319334
16133490
5255811
90585220
24131970
7242319
80557451
101417318
110822136
27701553
119789876
79872011
9042973
57648278
9089046
116033890
44683725
120399973
41032591
119494591
4490820
117495001
115464912
9092009
17598807
23700837
67838452
93935649
5983945
35962122
108282124
16108046
71445659
47745806
95531046
111511868
118715873
47580354
103918059
78453141
81671812
45699348
85227227
116313559
79336697
120941868
65306362
116425728
14460277
22606360
63005258
22956641
49890360
100471596
62288164
16215441
99320144
86742093
103306969
27489655
38338581
62264011
5423772
528067
38756017
117485717
32948529
11590289
43383775
92569725
54341699
73038157
80203187
95950191
22851328
33043114
95427731
4788219
81390716
85360027
52565288
35162210
42890178
90581472
34659139
54253680
49594357
61765349
90889337
99312111
25633381
64948106
19851850
74496480
5853354
12161517
18087751
70154544
20195315
21945739
116479083
96937223
98843655
100596983
120887316
36207106
78971006
96814925
116150397
27914500
119379860
25901456
78564879
33516510
103921095
55983524
119461388
88078993
12227633
17806148
76492503
7916216
2535552
84844375
50244881
36380339
52742922
108061282
56432206
82932785
11762167
68690375
120560715
26598163
112195501
105623436
33571751
69885955
97049484
109009148
67074331
61947715
21207126
118056303
95541765
94713643
48617133
27159289
114498007
99199148
27252195
21500158
33333284
34904133
99825051
105829993
99971278
119539223
112559464
76336698
5428699
34211672
12499298
66958480
90124446
29605352
2958068
3667476
4256477
55559257
48134555
62921509
121215715
75628785
4782478
34026213
6232523
91832797
34707980
36086393
50209538
34064548
107983478
56843937
67023855
4275301
775494
99270906
98212865
113277149
67420900
111096636
75377246
97317484
96181711
63719210
1237296
109856370
14283440
86559256
115542349
52449093
81522268
1042870
51178466
77067710
73053930
24866615
111962446
88893793
30585383
10433208
22737699
98564999
32602132
40022455
1574632
78134429
32072019
89929855
17709163
100122099
13865331
94740858
62129466
113363633
65065955
74810375
23236198
84285948
44179984
121315285
70261599
117069839
77838184
38829212
39610523
112808845
46235676
39495114
99265650
83801328
69587245
113126906
35363378
67028766
62443293
6146812
58030933
23104375
40591619
14726651
6821926
25622702
32912013
64274306
466696
43284052
95771690
8876256
20403251
109921255
67620589
36093638
97668084
113994045
71598542
49865639
55356116
65932289
71543855
94024357
89343888
92519490
49055892
71174653
10481787
73735055
43548277
93017633
27981049
28484698
75984262
30660632
41005647
12645965
87656540
70474302
62215681
32155300
83272823
24258126
54776983
57430446
1705036
24077706
83287833
4864319
1996623
61271546
85438842
118700304
82380619
110519647
103339997
39233361
118000812
100621856
94249291
69075738
6265241
24440278
31028808
57367251
50291522
79128642
30990455
4868640
25853164
105935073
112902493
15645605
49714272
4407526
100350721
79546332
114828188
45089976
62325667
103170472
53855746
26486817
18729059
12114261
37686312
59539556
77777093
48875707
4143294
102605015
102649298
7493591
107422151
77159409
33696087
36464509
86617248
4310613
1757768
20987358
78133941
122549557
80981617
96356361
36529210
13405120
11833863
88672027
105723109
5564501
45671314
82703260
29201685
55337178
118011690
60499759
97189719
97131503
31228834
13211897
96019069
69779023
3436835
2939383
109553918
114102428
40957674
45759706
38107902
84679436
18917765
123296599
96395061
119613149
22599002
111944761
62540511
35963981
17264162
50689295
75541184
13953939
3432578
55661273
10787872
34163398
65737817
86807248
38131469
12532784
110770977
82006747
71921040
64823630
74861115
86946524
83225330
41092178
59823319
33434085
50632614
61003059
114452455
421363
120792409
119945333
75291942
21207449
25593974
44696037
6918510
18812184
27612772
9230973
32695585
6179155
107410464
102872143
74759907
14846860
27925166
51753880
71806690
117033054
3763079
104845467
66097293
6096572
101809711
65555388
55962900
69684382
91239474
84995755
76658663
84542114
79754201
29478476
17654669
24067779
89026017
81831819
44095460
83092145
97557254
28793765
111308514
8258177
73323421
110211970
91353339
73377306
53386538
88811555
55966730
60153273
74213214
8612457
53493661
112114536
77279425
101086310
27144744
115735020
106814397
81045325
7649496
12504764
10209204
9511875
64106653
120071590
25438509
73106585
45259563
123053485
59244279
1717858
91749086
84074986
4025840
4754521
8043086
110788648
9039127
116083231
108057629
94121839
99251056
85433548
4946611
2682403
110235787
120486927
45764436
18519408
43548964
30231737
114438411
10891183
92483699
88765435
21544488
87583844
82021770
77499023
15889307
23658151
115908883
66397288
87118928
19505558
54374283
77295419
74647770
5546685
42706250
109664100
64954983
110680290
87647926
73120528
33498486
121425110
15520305
42156335
49683793
83458869
16807789
32669680
88992161
55383553
57203727
115835730
22334087
28411705
33415567
60622335
108926508
35356030
17456985
8905773
22262064
28093713
70224983
43421753
64839656
97702769
105250830
65805676
67077876
121528530
51301384
44615509
35856142
30263489
6439145
33860876
115637945
79400629
35235543
16052584
3493348
39431367
15117883
65905290
62043948
107965069
69478121
30221069
33820689
7968247
37600481
23338738
79280682
43695286
45919746
37034509
15116429
115369831
65534633
3577927
104144691
61539592
24235907
2181883
114130712
121585310
18761032
105618436
72993540
120596736
39902850
64548875
48489572
6354024
84689561
40448166
96764523
10166831
112397767
98279126
116220925
28289712
106191678
105511749
82990460
91748820
55233139
22678458
89743324
42167654
116441301
54847909
114025578
58215783
19111551
24178413
97030206
7139945
63575244
24716193
52525286
28850775
33103038
65791603
77466543
86493528
97185519
26542103
82528724
8346563
3443536
91216041
60308941
99557721
105571071
17670719
120832606
5264844
19478344
91197855
2358781
2460673
110451646
71152041
49554640
110229165
9190973
76378884
97164856
24851994
63203893
103226588
33738367
55878605
60087480
104294663
64671232
6584508
34243472
28763557
97836064
25068725
52895896
12218698
65806811
60994272
40289151
114658841
62728143
79540731
94594100
113421774
5462946
41665676
121015305
89365316
57942470
41346887
120058357
49945056
106425261
82373118
59164759
72398517
67191942
88917103
53204936
96644031
83010700
12403513
36854557
26309270
94307670
112558399
8094009
78489051
117482107
70954613
113409645
122426340
108002275
77109168
53875237
8479122
108632301
52400954
11972079
18465728
104226081
47089594
100056395
118580294
114152706
23001247
59248918
6165726
104227518
97213302
48406198
37013804
11907926
26173673
37120707
31513367
56500562
22432008
69231695
85615591
4119772
27680008
4596639
119287904
10620802
15738799
110603563
82195861
90468780
65968063
6771158
85280683
101808658
121353286
43730591
22437322
85048424
97669023
6725279
29749379
54000067
82470074
59394809
14634054
105013138
118969948
72788569
8145806
84461593
60091248
117686455
329373
7025191
84623455
64480660
61829402
81094442
117601866
59311018
38285315
104739677
40420608
78299889
47808533
112216575
113408722
8209989
102417407
109819150
54346965
62864465
99788285
6102172
97655807
80259915
37352190
121314260
53034424
119861592
1510449
35807430
26203558
95507730
66045288
20593109
43058277
77940218
566305
39766953
100999166
117492673
2030047
5744769
88938105
11037748
38353890
72266682
48455478
26655176
57599131
96803674
100448613
71160685
71353423
52918741
75741230
93161128
21745604
110084240
66919327
73735105
68735676
92451518
66910209
43133168
102065365
116489356
121767560
94526797
18226549
34101104
55565491
29858854
42524943
98871820
5830813
78399716
71514045
111181892
27605870
115771452
51906092
38659955
82726255
69273218
92306788
102732243
93486647
12356873
67618730
5255675
87511104
94024344
65160462
58657517
14042136
5496839
18774681
39337095
84344870
22456541
13702719
26996712
47317970
88083069
55167166
24981348
89772924
95788818
99794094
5460931
7799571
16555025
30690056
90450029
71635503
55003971
120019994
47621609
56143860
99804182
101083892
10470353
104488324
36589862
69500157
80959238
90602875
97504662
58608278
25496101
28623582
40994110
114805804
113178510
14509348
8328819
75590495
77229883
58323270
23754845
112547999
56656102
19653170
116927007
72064235
51945221
54239678
36781000
123259879
23006161
117873581
109734086
31419230
78441624
11562382
43806797
93034859
22654983
89534301
108934588
96848421
111388594
70064113
80458184
12791421
64418502
54324942
112218755
2626258
54362980
35153872
76123049
43164685
39265074
9346073
91388651
98730765
103418572
3037457
29106476
60479886
34062721
28128469
12713945
70367065
62586637
45709630
109396327
33261489
62813458
7601419
118202882
65230075
68407623
107587431
15920472
54027400
22869100
36081170
36352632
56121094
62768952
25083110
23761942
83617190
109511588
45105612
102195412
6495550
68943954
37964940
27189843
9946776
66457182
106509324
64105861
56823462
68517598
30207638
5062466
49287319
36171315
119493049
101624965
95261075
41681974
1006739
85986129
11055026
7523489
41782512
110181833
29113066
96905711
13493757
119566308
49196604
90872632
115019624
103069820
89780128
43854787
85748500
90843938
27094868
18209822
23848928
89293109
52931126
36982347
51345452
20560716
65976087
18173737
35058528
52642649
26898728
4650775
115829649
17615460
55861730
48160368
101230684
108796207
16835705
82741155
23635320
53816263
4575302
56739143
8580344
56746246
54034410
42413066
20039546
20063274
73673088
38847704
102679489
46246121
92399940
13868916
56314599
6882005
23344958
36016384
32609246
60908099
73436872
92447923
6082794
43254524
92103000
84472163
64347465
69408174
64818545
112472195
40720713
12936791
63724133
108731456
39652613
55485670
46714100
8631035
119633029
84242785
35084856
52059673
52104824
46658262
32632396
104397217
11183030
36156369
41283150
110386829
116824622
79650450
12505465
22373025
41569655
13425125
76773135
107496699
46777385
11112049
77340342
88952033
121286741
84349747
80459345
81452968
45677839
44134711
51597838
16187294
45772502
79776501
107424014
83693415
57784169
121560501
20908906
43307687
97475219
56798569
94006983
118560817
9751410
115031237
52124297
77472525
113919447
26832047
43366293
120783998
2546591
72994004
79246564
13249836
18102793
26496990
66249881
52789074
43911608
103045855
106925610
74409582
100335805
50607149
27348106
78905448
30565801
2564417
2249355
13970976
92796843
20818917
61444380
77258064
88477415
92661473
16213649
18858766
45810777
105780481
8157578
11052970
71241401
21610572
86358167
43965008
37662778
83522605
25650010
122701816
72589746
122481101
41146476
59087798
86978549
54146680
28358637
6081328
92111131
122450526
69817841
63750701
11495692
58812367
123147393
82172648
120635240
44978198
10340971
52289148
9071657
20347311
9539877
114835166
14541248
26680028
80545143
42790986
28375649
119014489
55488873
75769486
98603749
67808187
4790781
180961
30518721
49898445
38591233
38396316
94516714
46526526
90274244
5441389
49703408
68323606
77885440
117503755
39644747
46738597
1239377
96495617
56533632
10080037
60800172
61804748
36316667
94100833
17870091
40477653
98931626
98456612
37609973
10265373
16257316
61584171
57511861
11640148
17954829
8777686
41358687
96220678
76982449
121147521
89727812
28371048
91216216
39285231
26496775
62636376
67436600
54151039
76842915
96470753
34174300
26425338
21824052
46163912
43554271
45524567
84243461
120372443
71756787
19054067
19702952
40673188
28444655
68601626
85229919
38889578
91305008
99685777
11621126
43869143
54956665
66070900
32347506
5959833
74171524
23867790
110244545
95483474
53116248
13213978
57474631
4011983
116664490
53587664
37553966
31832601
90120310
34017655
60187311
29005935
123023144
18759063
22564333
47843333
80198344
64084624
120200554
119785115
122498173
31989246
32799652
1678629
123206897
95414564
104330083
117023532
15925984
22422431
7356660
27408400
5933040
117688729
14177306
6358593
62395140
37047793
16244474
43537771
15122645
22889685
60449404
40356338
9709110
96499751
27334416
119289881
93785225
20032976
8320638
85896266
6938216
54761228
39573875
64188734
18125489
112698964
26109723
123361142
21339927
30359904
96280098
112801648
48326236
100647883
13486739
99887886
76376672
10863288
18393986
57881372
2915477
77347779
15774484
43140429
26742284
90915439
43799155
14532749
6887874
72454507
94893865
65927117
34148785
17902084
59985663
96243569
91341119
65354474
12104219
66293262
42371557
87103452
55032238
3385317
75988299
48979757
25329098
10942938
98944961
74876015
65297697
45101242
28748822
22384078
79127338
57410247
32184560
81624737
44805427
92694145
95875982
34535604
27593592
106391700
110413651
681265
95700789
76970588
20479048
1851820
22371000
80649035
110469904
7619744
6672170
25715124
105985849
52972718
44857363
27483055
50487056
107304218
118680086
39021005
28851911
52195790
69695307
2782822
20052140
83496408
5664382
120269660
46681767
107247548
104708952
67383423
98504642
55391215
112077042
88748761
111674937
20747045
37716332
45505241
105024311
60247231
74016998
92455432
58384638
42759210
62451742
74653486
2529893
15299361
55176246
54107983
119101006
4539939
55281826
100220133
106545632
7495602
92478658
78373653
78175876
61044569
22221671
113890095
76846737
62027753
57935983
56182917
14706083
32294281
24323015
108969724
70477342
114097325
55089657
79499764
121236666
58194375
103603717
53557568
25557650
50670014
121855784
46295363
80996396
97427186
64532705
72758444
44786571
47854480
94152200
42181422
76173200
120558509
39052655
43407620
98615224
12966570
21268146
33320842
98270816
925940
110369064
40384410
111957347
51937270
117990065
117355735
69726621
60815863
28648687
43008608
106944608
23338601
3482454
28941318
49030722
67255200
66166893
16010301
33177451
106660439
61670467
26025151
33988032
6585836
31403619
37415326
46958726
47635316
89158701
15727686
22100476
2719484
66641475
93179137
102286724
35347817
27655318
33115731
57392961
86869576
156999
96050744
59189108
111668043
2770577
110312623
79434835
91937444
41174264
81418042
51589317
95517240
28114900
31573340
51652912
103208424
147032
101522898
82601981
104094676
12021455
106799062
21481188
10136306
68413813
88165972
66934523
106591884
118038287
39660431
63043893
79788576
63048711
62061212
102083055
68236390
92739232
14233103
105124934
97761501
29990823
64301909
68836265
5531311
30822760
717101
81524996
46892366
67398832
36668208
3483401
119547830
11116235
73386275
31523112
22495683
54278368
20635401
87045242
15202460
55846445
112080870
79590288
112473832
19109288
9702857
90084934
7182298
59032566
23680212
66787009
71252045
101824926
122696435
56865698
38043566
114089135
15713431
53801454
101655485
89606124
56742560
90356912
62001471
35709260
30323109
45595608
69251593
24105111
50844876
24326949
76026994
57265242
113345789
85977344
36799304
109291346
20799553
80798200
50507561
56377701
80595507
99393516
60990358
23631037
55733801
45135062
54592036
83757926
32128195
22054390
91943355
116149256
33133034
26982735
58531745
72859464
63407421
43190793
58567379
78441092
27398493
61180120
78659648
95693141
121442311
82481369
26687481
34014805
11881111
68508624
77528692
119818774
22202807
43374311
32187631
108461599
96008006
105597211
12709277
41848973
91733710
23821762
26643199
104003634
11672013
10558244
100215029
19974340
109565302
33336053
107414765
1741141
112696100
77084215
103157773
87361367
44905365
44745429
121468669
8094434
109621097
82920160
21709935
77918182
50514604
2550243
110001983
17649036
101975221
33365746
63107126
31028256
73655586
41135902
29580668
57167937
7758242
13124386
57530404
77597521
16900338
8792401
115686169
926439
45235952
22285606
101729860
7192005
98745462
54392989
120020284
2964905
19515467
48309437
65220668
33354713
75440453
122452487
103588868
50091503
25534791
12071733
39287765
94269398
61421155
106028226
49621772
29108348
42387720
63505295
108022425
69771036
66964284
113770355
13713132
103328649
120580652
90800809
92090983
30330418
118500987
64932331
26412438
26361531
84495839
92305880
37534503
780158
54608215
84417752
111926165
71219286
19481634
72997216
8985495
4555425
117383820
48736560
10748270
60570948
83896923
47373354
104787450
102600685
104589407
81429102
64487214
122451746
66357446
59149564
113460464
112750000
119190242
72426929
50885270
12018907
114318060
86080703
45965221
35838801
109996169
67785248
87898479
63505674
15688788
84711339
85249265
18038618
10276496
29807804
73096301
94958768
70824422
97550590
15089157
76910428
21371289
113570866
117643329
15845175
22672361
60790850
3809248
17016577
11890085
71912918
76145150
69023260
87956872
81657834
107239550
68583806
57013942
36479759
21702251
121784853
14824017
39150667
11066764
56976081
16645513
20509670
22688618
38772551
98928343
17713432
73598078
61847008
31429688
31690973
78992054
30667560
82730124
36002261
92907047
21213982
11555202
21811891
39156829
40705443
27578664
53261762
89654236
99866911
19099545
44123464
10397483
14432020
16740682
15889296
23067024
54870606
1666901
49144940
86729171
109075558
71327736
15938884
67033572
18972582
32174171
54844788
36793496
110737758
116201524
23438852
83486890
91820570
2196314
36645396
89538088
98274528
112055894
78907257
111719148
22272224
99360979
32315204
104691113
88378847
114845137
83850741
61057698
20744631
120983137
18173711
58586481
54301724
91957946
65317995
15879361
53472323
123044637
58746031
45399151
50340591
15286753
90187168
121709629
34226623
66828297
24462863
89393156
55987129
106530818
30207717
55920953
80238202
67975851
8827553
64854839
105181508
61758907
6607714
53514233
37154539
81929450
81666420
54185744
43276291
112348037
77515919
3416067
49445659
30921343
28722526
24699492
68300027
1620320
106084411
104972245
123273411
28302342
22401890
32900690
46167804
59005995
21373701
55047882
44202018
71333372
36354967
46623069
108364574
93781637
59221314
60041525
47486027
98318742
40517939
109203749
79138590
24768582
94013371
3787790
51901887
66259624
20375581
113515036
17916107
98717766
33178603
27748999
27857726
28970515
46323795
14276380
92146989
33117568
13935115
9091857
39033214
86220600
52371745
39661007
48353540
114461425
77254098
70969473
16756233
30747625
120725270
101838761
83936517
47209647
43823324
25617466
44402415
106909084
117878847
74782959
80653827
116294629
58030749
118691241
53491431
302621
1676613
114101420
49199903
72417006
57121068
34267362
11170050
40543902
3018500
80460294
48254191
74394338
16304920
72993995
53935752
62701986
59845269
31977368
54513885
53990579
45673683
23839689
81434960
113387750
76065072
55611194
82432126
13727169
43210446
92431038
92666966
9855146
106186344
41453146
54125671
46036991
106212791
41245203
40746925
8421225
122423370
107640355
66424438
49625958
74302901
34906648
18231617
118872730
92502134
103352782
7603528
79340676
63571768
66193165
111995009
116787179
42039959
117755083
43461568
67601932
93302056
94222515
38570493
59807389
12205903
96862324
74177802
30320668
53312091
22593846
104184
48597491
67812812
58151971
32550683
14739200
95088680
32463590
56007302
1306143
33618759
44494258
22423693
52938279
33746029
61603300
57791217
91399899
16084888
3068786
111786943
100552808
20093221
107130096
56040692
93848402
69847454
67247122
3919752
23217970
64095
40035483
47930819
20782094
34684615
62909825
72670701
75130123
115837978
34144174
14331062
121830291
62513048
19478126
13632010
97935874
48512654
123032571
3804879
91821018
108429340
46845649
72497681
30629929
117486836
26978127
80576943
58266881
14530614
20559799
1033334
113449307
73468525
31527134
65746388
32282587
50730600
4260286
44456451
102558493
11533658
104400419
15468310
81216263
16775402
105219066
1404099
718825
85316579
38680165
77184907
67905671
14301177
89009067
43054247
9801758
73067615
33140517
4109042
95066976
111956748
91400611
3680287
46583431
34675218
102333154
1842538
38973835
25955075
16480421
9763518
23686945
31714316
76982553
48587280
118332678
50485430
104347221
9914096
60968562
3304847
55963753
108391938
35490044
49233081
37533142
2277016
10225932
118078098
91097849
98289105
61395585
71827288
68506224
36403528
73328828
4134961
109974008
41300367
54160016
30360646
9665288
50356761
114856784
7528743
7035951
42518132
58707512
113591503
93736907
71337373
54857404
26694465
77086724
120955351
68560250
32291117
44665472
12199260
9584608
2837810
80444183
48761377
8734852
111743253
32257157
18070142
119793013
9138781
87350398
33943155
42203315
123289218
23092078
80423268
91984524
18187285
40217371
92859151
6473242
64359629
76871928
65105539
98849783
30602756
79496712
95101251
47174043
12749721
30405417
95316806
115374118
112426693
66264203
71769035
101449414
56940598
38355041
91611539
117977412
52118488
103297451
16161103
24286852
19376524
83526726
21009738
84310484
62627484
66222980
69713688
115141945
110114574
9395904
39923310
63209277
45887502
86827747
87002214
106291403
29253979
119981897
24609275
7508191
81519588
54679464
72515490
33501480
98225463
28161173
118097787
100789125
116400597
111070265
26901401
74329185
8018365
16548684
95909778
35222151
38293068
62438939
32867238
101223985
118850403
87622612
67569231
12746070
17379180
108386301
89389459
117308439
89871652
2368219
110741905
62849614
47546236
48695174
80285687
75378528
19778454
50314113
113222647
114664777
64221391
97559853
72475158
71986969
111742352
17926550
1753890
5340546
33675283
57206184
32885376
11709913
5482164
118537388
59870379
108001956
121302605
30566748
116371636
43435475
23798433
5735563
56475038
87659410
18812288
78891434
117066750
75476231
32587469
15335443
94283595
27932871
82954575
81136135
77213269
1227915
2126887
53986327
123232907
63514913
97066742
4322802
108727301
93300453
17726024
38724494
105470747
59896161
47899124
5876320
3815777
52823425
29148605
27395005
101618772
40299808
47669962
54194214
37397357
40203441
32537664
91178565
73705803
20959634
56473095
103339529
56527234
2040705
61823236
27017350
48612040
114979147
64834261
6240640
30490258
89719145
5755318
44099005
93142226
24493073
4626116
120880687
122152211
92127778
56643723
33735460
31391841
112348107
28755425
10310160
101771496
15376143
62771446
66617654
14447587
105387728
71338741
3541211
4444720
83815149
56181964
23466447
103385883
20980395
59810290
11408140
18846251
31635266
56859012
97871123
120071932
105494672
116386568
97827255
24843836
49549176
43555266
37470097
103321536
650347
20358385
21860572
117386026
61035367
40169066
71268484
81646751
20053173
51327305
60750769
95255664
25859966
46456264
20085661
54783595
45101541
34562479
34603181
2312146
57680066
99890176
64521468
7354974
98157402
118803700
117352080
57445656
34797113
103436876
38193408
41109810
36137210
39304970
87371635
70464167
40517210
47420712
86496953
6539406
64884762
16379223
13334707
112094946
117994412
91736410
93165597
96856087
18501163
8190012
111468536
56437128
116508219
93611319
83692319
114078116
3528757
91192540
60857550
112810651
2663063
7324550
30305156
40327985
100527200
58725150
90006236
17346006
94212909
74074909
4591492
8411090
75541214
63606769
61160098
62559141
29075394
80247988
34684195
104999505
13703156
108673676
80569650
10001599
1431781
21697913
98813071
6090682
76336286
72406134
96913621
97312643
39190209
59153577
106980900
115912404
100415186
52328872
59835230
60204353
94083050
88955327
28796889
65540478
27912923
68121922
118570109
17281580
48183923
53253533
74399972
12316204
100058146
98860731
91124867
108896709
101847062
26474830
14216008
39539162
74062217
62968061
112937461
11658771
108433333
89178565
103074606
71539076
13703704
117883912
11269940
40554956
114877023
51623418
76552487
77155362
114700746
76245864
57723733
68689526
7205968
62136840
113435412
12922783
75205255
20150573
35460978
4610991
39280221
115305364
117520050
42254185
15408567
88710773
90494566
79858514
53889907
107233974
122695948
73051874
39866293
91790506
113788361
45437325
74647064
92766547
79387256
106107344
21739569
9036109
16211085
50097923
9596828
34825577
112375353
116308580
119923933
85992509
93888365
1146975
49323720
79421347
112134070
60376545
25581444
31463035
29606
103228604
43250094
67584974
104733262
105209112
80614549
73433228
6832030
95542526
58761400
56003992
19983142
10180688
122749973
117258776
94605699
110194959
2832306
36680825
44150661
121092030
71225082
67770522
87312175
8813139
44710748
32412258
57467901
38322597
114460556
111797435
5607089
94657287
88689903
10635125
83477937
89963837
45868861
70379022
40981407
99453555
57634084
116935920
98408237
113546306
49261727
49912607
30510889
115648865
39984426
53607093
93218656
25335573
95397078
7801589
26506616
79011475
11077125
82879184
122509407
23058262
104584266
69332484
2056784
85961911
73072821
70294525
3642442
51771396
95295453
102087179
112364773
37576124
83426610
115473406
4428943
89935873
20150199
53952595
98462459
37583262
30789567
84903730
11451820
85755082
77198323
121189224
1171165
109503754
110009918
101481847
9535519
116304679
103102196
17070001
45613866
5743432
65678782
81854065
97574735
26152620
28875868
109248157
84787248
77359454
88921534
28567013
3560934
89015603
104568679
53869103
53619208
99476753
52399204
8149764
3179861
52464464
43394217
71091825
74665238
27846598
64078362
113634474
75209770
71687129
57696266
26164394
4219093
19346629
98873552
109248706
19681986
9113123
101201178
31595352
52050729
50017240
35523125
110992042
70207983
79737000
85185837
111857693
6337798
34139458
107268409
35418678
33985239
83506924
82939076
43186835
90342513
41345257
68291762
36128374
39438792
65195439
103564316
106902010
72888048
100334787
9532688
67529448
10115368
86472964
72788118
98838953
71101203
34516326
48774928
13944116
11731190
42269206
95667355
82392311
60519763
63050716
94970883
101835818
10508581
54987956
49433347
46129702
35503376
1612992
6887650
93036788
5520816
76569438
91172306
42030595
108226445
117114025
105321487
93102290
118782754
60944470
18697954
57874101
102059559
43303235
96552374
97508638
75902176
33437094
27709208
25522954
84412037
16662524
60312469
59385099
48008428
115366102
2455080
65980829
48748047
79947240
40473886
35237543
50479084
96775603
72143238
96844632
122421290
72681795
64228273
41026468
90893499
70583491
71499554
64608249
9585458
116209364
31748943
16515048
98724851
103107578
58376655
57229403
28385557
14229346
17203600
95192492
24896029
87336839
28599435
29897033
16978467
38596244
48714274
31335270
98464138
41455166
88075811
81392048
9855961
21204695
78010986
30134746
63658996
25593144
79894847
97215813
115386010
15827089
39516456
12875858
76401998
91306552
27362681
26610661
100113244
111977060
62031914
102686225
85556154
115866964
101792889
54088661
16492295
37943177
105691388
65342414
56325377
64595198
36768765
15923474
54138780
93754545
96494476
62922644
90354676
24038905
23665936
98541290
28866521
51238732
77550761
120362090
70359325
30367311
47757888
76457077
53760314
100613005
94106872
20281960
21890471
2232460
26461023
53852772
74800039
47690254
500306
16067062
122986191
38532622
40569301
34751691
79551306
99746852
50478475
86540140
90321935
115798162
56955026
7960810
61629410
51537201
34652531
115774297
75757072
112121930
53316159
115335907
38349741
101213793
120540982
65698113
110687984
19578140
115218986
96879102
109252070
27096250
66214531
26796949
120695136
15683974
2607827
41443725
118329317
116641392
85280679
27839511
43264393
110549559
112650075
43876524
80329778
26526611
45079187
54006603
68075473
5528945
64577203
80325982
86208164
113832156
115497711
42170597
17694214
95787834
108415555
37703547
76728824
6017716
84564614
112342905
15251466
15723150
19383729
56793187
53106579
23718754
97278458
107492658
27602668
86732873
120951838
59478379
36010816
88456708
90231856
82509377
77923086
58627963
60710084
52735885
112458848
13780528
76630136
98509731
42218548
58494752
18034688
116806259
116616441
109819394
9299253
93943879
95156935
20178154
4805575
51465011
30333156
41468014
106629303
7011186
120932433
4217057
9092512
1705679
9318808
27887348
33024449
77381024
56706972
61177221
29936155
8499742
84440160
94608369
80761480
49825966
55004570
6630598
92914803
77643019
16879555
4679202
51032712
120074697
4162189
98545283
72418187
27009015
81919468
11789936
17205617
79131091
47373363
31036794
19006680
37936432
91007527
111259453
22321674
116230726
69558330
45858988
52271485
82962097
84507850
96003549
80219146
117665776
72296407
78993832
36179221
54604233
66616762
48580227
99284761
84184408
114710484
42123336
87551974
64963135
50308110
37107661
108717693
30498151
74142572
105430987
32898721
87382990
88295993
55158953
84710415
44966298
6908015
40593927
3962337
48164451
71174311
103413147
10156722
65164229
121969486
57527308
49121734
67076296
21453665
66568086
69520669
4990821
79693558
21846686
7460813
25978276
60420446
96610872
69065277
52989607
106956757
5796951
52256858
8919017
121803433
55813314
23103260
21827678
107918594
52265965
114050496
31927823
36429587
67006019
49692331
79941561
17734238
28949218
82314168
6491551
50881381
94508594
57905796
116559083
108680365
93906069
76561960
89352599
40778195
15777774
24533540
67877290
80277486
61001110
81289362
35941954
17020490
3753957
1468997
5532095
19628263
18724305
81642621
97655737
79871789
55248803
64189277
27657940
3257630
52252852
90612763
17997450
107036524
38353225
12753907
25638850
58186235
17137971
28156321
110045892
89625420
59422435
9894515
27932893
82535965
55331631
99091430
117405838
48422719
67768673
7899912
48923471
66960472
74455370
104376552
9865557
34656693
87451927
12376398
49776223
107518541
67876697
119841669
111343124
120110362
85385503
110370053
33447848
35033777
81713242
100764478
122465819
30785094
34885568
59087859
112757075
114618842
57279629
58703786
50968621
30121186
107829203
80883630
78774158
46172837
119248577
89986397
30317365
96502060
41770594
8579497
116818886
105889787
117274724
115323907
9653264
46058487
121903131
3448804
105423012
22701799
13392040
87630115
95399048
89653749
67286581
1487100
112430508
80828038
32983986
114071046
32507105
22658238
46374232
97289506
119376371
115902307
29800511
48795954
121227020
68273212
19990336
107125311
73510187
66120303
96763444
66364383
